0 0.480546 0.489211 0.018926 0.011932
1 0.062921 0.577495 0.038639 0.018948
1 0.108495 0.566906 0.024769 0.025635
1 0.735593 0.547958 0.026741 0.013375
0 0.704111 0.570901 0.068796 0.035990
1 0.392324 0.605182 0.039630 0.057031
0 0.471088 0.504531 0.028657 0.015479
7 0.415458 0.511586 0.059917 0.037714
0 0.450847 0.488049 0.021787 0.010964
2 0.346699 0.569409 0.051361 0.045068
3 0.165718 0.575536 0.039028 0.033510
3 0.163986 0.543388 0.032194 0.021359
3 0.236389 0.520216 0.023944 0.018109
3 0.217403 0.564099 0.038806 0.028792
3 0.271477 0.552724 0.033028 0.026469
3 0.268176 0.528341 0.029722 0.020432
3 0.363116 0.515805 0.023120 0.015786
3 0.892278 0.646927 0.066759 0.069333
2 0.589486 0.495372 0.011565 0.014859
2 0.626227 0.501872 0.020639 0.018578
0 0.610551 0.574193 0.057787 0.031729
0 0.662148 0.667070 0.108704 0.068109
1 0.038153 0.587523 0.040620 0.021172
