5 0.773157 0.589490 0.176685 0.102448
0 0.398028 0.542852 0.073389 0.036693
0 0.315125 0.710284 0.173972 0.090214
0 0.673940 0.557378 0.059806 0.025995
0 0.653551 0.654474 0.116880 0.064219
0 0.735102 0.759214 0.209315 0.129969
0 0.550255 0.498510 0.029898 0.021406
1 0.588315 0.552792 0.051648 0.035167
1 0.089500 0.574961 0.048926 0.027526
3 0.130278 0.630773 0.076111 0.047401
3 0.024361 0.630773 0.048722 0.041286
3 0.978394 0.599427 0.032620 0.042813
3 0.152023 0.546674 0.043491 0.022932
3 0.226773 0.524505 0.029898 0.021406
2 0.074653 0.776797 0.149306 0.103979
1 0.051444 0.582607 0.038056 0.027526
1 0.022903 0.589487 0.035343 0.016818
