0 0.490176 0.538883 0.057111 0.025703
3 0.053472 0.625125 0.055630 0.038354
3 0.166523 0.537508 0.032306 0.032297
3 0.176968 0.562820 0.027417 0.020328
3 0.194412 0.582448 0.034898 0.024531
3 0.244264 0.515505 0.027417 0.021031
3 0.737130 0.499034 0.021185 0.017526
3 0.305579 0.520755 0.020194 0.023531
3 0.344375 0.521081 0.021639 0.017443
3 0.318773 0.498768 0.016583 0.015818
3 0.355556 0.505258 0.019463 0.010141
3 0.855597 0.555401 0.031009 0.043604
0 0.320685 0.859922 0.180889 0.135177
0 0.869806 0.862102 0.245481 0.119193
0 0.633486 0.531581 0.042583 0.027453
1 0.042065 0.578604 0.027000 0.021031
1 0.066991 0.573641 0.039463 0.022781
1 0.112167 0.559911 0.023889 0.021031
2 0.692852 0.589896 0.061019 0.051479
2 0.810394 0.601000 0.062806 0.045427
2 0.445870 0.491378 0.031407 0.023557
2 0.424935 0.526286 0.031407 0.024396
0 0.583120 0.481930 0.020778 0.012266
0 0.590389 0.514057 0.031148 0.020448
0 0.599736 0.497992 0.029083 0.014016
