1 0.281866 0.663690 0.046361 0.053495
3 0.379838 0.500703 0.016843 0.016156
3 0.312477 0.528844 0.022787 0.021177
3 0.284736 0.542776 0.026750 0.022292
3 0.258977 0.536367 0.022787 0.019505
2 0.411204 0.519318 0.023778 0.020729
0 0.694588 0.732982 0.153824 0.104828
0 0.431315 0.609016 0.088741 0.063229
3 0.287708 0.511846 0.024769 0.018391
2 0.254417 0.758440 0.136074 0.118141
2 0.669773 0.524667 0.024972 0.023406
2 0.618060 0.510956 0.021398 0.021401
3 0.733514 0.502654 0.032694 0.023401
3 0.797213 0.527940 0.028537 0.025411
3 0.959718 0.770932 0.080565 0.117865
3 0.043125 0.630430 0.058491 0.036911
3 0.046884 0.676971 0.093769 0.062589
0 0.493046 0.476130 0.013759 0.010448
0 0.476880 0.482711 0.018574 0.011995
3 0.166847 0.541940 0.026750 0.029536
0 0.565972 0.485612 0.017889 0.012380
0 0.589704 0.491805 0.024074 0.013932
0 0.805519 0.678070 0.103537 0.091516
3 0.241144 0.517977 0.026750 0.017276
7 0.443542 0.485768 0.031694 0.025078
1 0.111319 0.557414 0.030546 0.019036
1 0.067153 0.575060 0.047880 0.031109
1 0.036852 0.584023 0.040444 0.021828
1 0.076792 0.599495 0.033287 0.021396
1 0.848926 0.607854 0.034481 0.040792
1 0.460778 0.515906 0.019019 0.020062
