3 0.238356 0.521456 0.021398 0.017391
0 0.667278 0.548339 0.053500 0.033438
3 0.857431 0.630120 0.054231 0.070719
3 0.118282 0.605044 0.054694 0.041464
3 0.190796 0.574953 0.042796 0.030760
0 0.633398 0.603505 0.078463 0.044802
0 0.471718 0.519581 0.035657 0.018724
0 0.470884 0.495242 0.024972 0.014714
7 0.401218 0.523529 0.064194 0.039453
0 0.600704 0.551346 0.053500 0.032766
3 0.162269 0.544526 0.026148 0.028750
1 0.313870 0.723865 0.061630 0.069500
1 0.104620 0.564320 0.022611 0.024745
1 0.062412 0.577362 0.021398 0.018724
1 0.030907 0.586388 0.024963 0.028755
2 0.293634 0.603773 0.065380 0.038120
3 0.351884 0.521120 0.022583 0.020729
3 0.250241 0.562914 0.030907 0.029422
3 0.269856 0.537505 0.032102 0.024073
