2 0.607699 0.494185 0.018824 0.015047
2 0.267611 0.624180 0.061630 0.058932
1 0.244593 0.857612 0.102944 0.081870
1 0.037264 0.590198 0.030713 0.020062
1 0.056981 0.577604 0.029722 0.021729
1 0.102056 0.563674 0.032685 0.022849
1 0.699431 0.529680 0.014861 0.018391
3 0.847144 0.612534 0.057065 0.055370
3 0.098477 0.610047 0.051361 0.041729
3 0.172657 0.578750 0.042796 0.040125
3 0.166954 0.544245 0.037093 0.025677
3 0.235426 0.569924 0.031389 0.036911
3 0.238995 0.522979 0.035657 0.023271
3 0.266097 0.539432 0.018546 0.024073
3 0.348634 0.523995 0.021787 0.022292
7 0.393708 0.534862 0.064398 0.048484
0 0.440801 0.502385 0.022287 0.015323
0 0.468870 0.527229 0.033852 0.019500
0 0.473000 0.498435 0.027241 0.014859
0 0.598894 0.541393 0.047880 0.022755
0 0.626963 0.585974 0.071000 0.037615
0 0.662880 0.539766 0.045407 0.024146
