2 0.407491 0.571188 0.045000 0.036510
1 0.396745 0.548237 0.018028 0.007099
0 0.866384 0.797026 0.174065 0.148385
0 0.586111 0.486680 0.019907 0.016547
0 0.469806 0.555120 0.067500 0.034562
3 0.323032 0.527326 0.023361 0.018495
3 0.293606 0.528299 0.023361 0.022391
3 0.307884 0.504448 0.024231 0.014604
3 0.239954 0.513940 0.025093 0.018984
3 0.167259 0.534383 0.025093 0.022880
3 0.127884 0.592313 0.031157 0.027750
3 0.152981 0.619331 0.045000 0.044786
2 0.731588 0.556339 0.042398 0.029208
2 0.651537 0.539789 0.029426 0.028234
0 0.613463 0.510094 0.041537 0.019469
7 0.454097 0.479013 0.032898 0.021026
2 0.431704 0.500292 0.020870 0.017135
3 0.835870 0.539107 0.033759 0.031641
3 0.393995 0.493008 0.014713 0.015089
3 0.731931 0.504445 0.024231 0.022391
3 0.331685 0.513208 0.025093 0.014604
0 0.567162 0.497682 0.026824 0.016063
1 0.976102 0.728083 0.045222 0.056927
1 0.030644 0.581294 0.032194 0.025703
1 0.067505 0.567854 0.020750 0.022198
1 0.112167 0.559971 0.027000 0.028620
1 0.190972 0.555336 0.017426 0.013859
