3 0.732662 0.548638 0.033231 0.019276
5 0.937981 0.734505 0.124037 0.230146
2 0.807880 0.591612 0.050241 0.040380
2 0.335028 0.556284 0.034093 0.034318
0 0.580523 0.495188 0.019731 0.015188
0 0.446556 0.502781 0.028037 0.014021
7 0.141866 0.713789 0.260565 0.199870
0 0.379579 0.579891 0.056083 0.031542
0 0.425792 0.552143 0.046731 0.020443
0 0.557676 0.499570 0.023889 0.015776
0 0.577926 0.521185 0.039463 0.025120
3 0.040509 0.650865 0.055037 0.030958
3 0.158380 0.546594 0.039463 0.028042
3 0.231093 0.526148 0.020722 0.021026
3 0.238861 0.567914 0.034278 0.027453
3 0.158380 0.583396 0.047778 0.046729
1 0.719162 0.573464 0.037380 0.023365
0 0.810574 0.641276 0.109463 0.071667
1 0.100333 0.568177 0.023074 0.022312
1 0.054537 0.579737 0.035333 0.024339
1 0.028579 0.589677 0.029565 0.019875
