7 0.446019 0.482982 0.040611 0.020620
1 0.058532 0.572812 0.024250 0.027281
1 0.117736 0.577628 0.037083 0.036911
1 0.464394 0.508617 0.022824 0.011234
3 0.062389 0.613784 0.055463 0.026578
3 0.084986 0.661737 0.071898 0.057776
3 0.969269 0.799823 0.061463 0.100531
3 0.168380 0.537906 0.038519 0.026479
3 0.736870 0.501393 0.031389 0.016047
3 0.811764 0.525068 0.021398 0.021667
3 0.237569 0.515036 0.022824 0.024073
3 0.269662 0.532286 0.024250 0.023271
3 0.291778 0.536703 0.034241 0.024073
3 0.286782 0.509018 0.021398 0.013641
3 0.320310 0.524667 0.022824 0.025677
1 0.326019 0.611732 0.045648 0.036109
1 0.877384 0.631393 0.055639 0.056172
1 0.033565 0.586052 0.034241 0.031292
2 0.681657 0.527341 0.029722 0.019391
2 0.621866 0.516641 0.034472 0.022740
2 0.340130 0.669930 0.086278 0.067047
2 0.421273 0.512214 0.039028 0.033510
0 0.591667 0.493836 0.028537 0.015380
0 0.564917 0.487151 0.017833 0.012708
0 0.840815 0.701068 0.149093 0.112615
0 0.727931 0.795711 0.195954 0.129391
0 0.442532 0.584857 0.076676 0.047922
