0 0.609194 0.560805 0.051907 0.029224
0 0.639079 0.525839 0.045620 0.028313
0 0.462111 0.509026 0.028315 0.023010
0 0.427500 0.508141 0.028315 0.014156
2 0.141968 0.722271 0.130602 0.095583
3 0.823921 0.587336 0.037750 0.036276
3 0.259176 0.547076 0.034611 0.026547
3 0.238727 0.520974 0.015731 0.016812
3 0.161648 0.547076 0.031463 0.030089
3 0.204907 0.586896 0.039333 0.031854
3 0.137264 0.596185 0.045620 0.046901
3 0.038157 0.635133 0.055056 0.048693
7 0.372440 0.544865 0.078657 0.050437
2 0.409407 0.504159 0.020444 0.015047
1 0.060968 0.578047 0.028324 0.019469
1 0.104227 0.563445 0.023602 0.020349
1 0.673690 0.514779 0.014157 0.023891
1 0.038157 0.587336 0.033037 0.023891
0 0.463685 0.551500 0.059778 0.031854
0 0.581662 0.527607 0.037750 0.023005
