1 0.050144 0.585661 0.031731 0.021906
3 0.666222 0.540576 0.068907 0.035130
1 0.656532 0.562380 0.040917 0.025438
7 0.058657 0.828865 0.117315 0.175635
0 0.320815 0.647776 0.083981 0.046031
0 0.386495 0.590844 0.073213 0.043604
0 0.739653 0.598719 0.073213 0.042396
0 0.813949 0.846427 0.230417 0.164740
0 0.425259 0.515742 0.038759 0.036339
0 0.566306 0.506055 0.036611 0.021807
2 0.269134 0.607198 0.058139 0.047240
2 0.752574 0.557534 0.055981 0.027859
3 0.155000 0.553898 0.045222 0.039974
3 0.105472 0.605380 0.036611 0.043604
3 0.188384 0.599323 0.055991 0.050875
5 0.889208 0.675029 0.221583 0.178057
1 0.017329 0.590935 0.029565 0.025964
1 0.095213 0.569232 0.039667 0.023120
