0 0.426574 0.552792 0.065241 0.038229
3 0.967514 0.591781 0.059806 0.051990
1 0.070477 0.564268 0.032620 0.024484
1 0.041931 0.571138 0.035343 0.032109
1 0.103093 0.554320 0.032611 0.032109
3 0.219981 0.559672 0.048926 0.042813
3 0.278421 0.542089 0.029898 0.035167
3 0.256676 0.534443 0.024463 0.035167
3 0.171051 0.536737 0.043491 0.033641
5 0.608699 0.483984 0.048935 0.029052
5 0.383079 0.516091 0.076120 0.047401
0 0.495889 0.532148 0.046204 0.036693
0 0.103194 0.785971 0.206389 0.119266
0 0.797625 0.689641 0.160380 0.094802
0 0.661708 0.610130 0.095139 0.067281
0 0.631801 0.536734 0.046213 0.030583
0 0.717431 0.565786 0.070676 0.042813
