1 0.025306 0.596258 0.029907 0.028745
3 0.229681 0.527914 0.019935 0.025234
1 0.053343 0.579432 0.033648 0.018927
1 0.095093 0.567167 0.029907 0.028042
1 0.678306 0.564365 0.034889 0.026635
3 0.683917 0.545789 0.031148 0.020328
3 0.208495 0.587846 0.054824 0.032943
3 0.122509 0.599763 0.054833 0.038557
3 0.154907 0.548240 0.047352 0.026635
3 0.012653 0.678974 0.025306 0.038552
2 0.770773 0.570250 0.037380 0.023833
2 0.298963 0.588484 0.055630 0.041385
0 0.565884 0.490982 0.019731 0.011682
0 0.550306 0.498578 0.025963 0.014021
0 0.568995 0.512013 0.019731 0.018693
0 0.432954 0.513180 0.036352 0.021026
0 0.750731 0.607521 0.084111 0.042646
0 0.348593 0.620521 0.090444 0.050875
0 0.404583 0.578125 0.077519 0.033917
0 0.854644 0.876104 0.223954 0.099323
5 0.901375 0.698164 0.197250 0.220453
7 0.089769 0.787680 0.179537 0.180484
