3 0.201583 0.560951 0.041500 0.036099
1 0.061019 0.566411 0.032778 0.022740
1 0.108542 0.556581 0.029491 0.032568
0 0.762907 0.649062 0.127815 0.070052
0 0.644375 0.587919 0.091769 0.049776
0 0.694079 0.548284 0.066639 0.030724
0 0.626898 0.525857 0.054630 0.031339
0 0.626352 0.501276 0.040426 0.023969
0 0.496898 0.532922 0.050259 0.029500
0 0.425347 0.562727 0.053528 0.039943
3 0.734500 0.502198 0.025130 0.019667
3 0.948167 0.583779 0.058519 0.043536
3 0.247819 0.539182 0.024546 0.022302
3 0.270472 0.547146 0.035870 0.029729
1 0.040264 0.580544 0.041509 0.026422
3 0.163815 0.539182 0.030204 0.022302
3 0.244046 0.512635 0.028315 0.022302
5 0.601764 0.480247 0.049083 0.025484
5 0.360139 0.529094 0.090611 0.046719
2 0.478875 0.490216 0.025120 0.025193
