2 0.481898 0.488219 0.035870 0.022312
1 0.067542 0.567320 0.037750 0.021234
1 0.034509 0.579003 0.032093 0.027609
3 0.165704 0.539714 0.041537 0.031854
3 0.211949 0.565195 0.043417 0.027609
3 0.237435 0.511573 0.026426 0.020177
3 0.272361 0.545021 0.024537 0.021240
3 0.248759 0.535466 0.030204 0.021234
5 0.372407 0.525378 0.084944 0.045661
0 0.423380 0.558826 0.066074 0.042474
0 0.056426 0.858266 0.112852 0.127417
0 0.502662 0.534935 0.050972 0.026547
0 0.625366 0.528565 0.043417 0.024422
0 0.630079 0.509451 0.045306 0.018047
0 0.699926 0.557766 0.064185 0.031854
0 0.651792 0.589620 0.066065 0.038229
0 0.770718 0.666073 0.141583 0.087073
5 0.610259 0.483966 0.058519 0.037161
1 0.106241 0.557766 0.032093 0.019115
