0 0.433315 0.512154 0.037370 0.026078
0 0.765292 0.614779 0.082250 0.042901
0 0.357792 0.611833 0.068787 0.048792
0 0.409380 0.571448 0.058315 0.040396
0 0.549338 0.498849 0.020769 0.018500
0 0.569759 0.514474 0.035481 0.018500
3 0.699014 0.544258 0.031157 0.019859
7 0.117769 0.787073 0.235537 0.220458
5 0.905681 0.707250 0.188639 0.233781
1 0.684995 0.571711 0.044657 0.028036
1 0.028593 0.592190 0.030889 0.020630
1 0.052588 0.584076 0.032972 0.021359
1 0.097037 0.568581 0.024204 0.019953
0 0.573653 0.493055 0.024231 0.015578
2 0.316852 0.578430 0.056074 0.040307
2 0.780537 0.576385 0.048815 0.031542
3 0.018231 0.674229 0.036463 0.035635
3 0.133042 0.595664 0.049843 0.042057
3 0.156403 0.550391 0.034269 0.033292
3 0.228579 0.525273 0.016620 0.019276
3 0.209889 0.585146 0.037389 0.036219
0 0.869597 0.890503 0.198454 0.083724
