0 0.470954 0.535607 0.034019 0.016193
2 0.578245 0.485560 0.014824 0.011286
2 0.602667 0.493164 0.018315 0.012755
2 0.416792 0.497680 0.012213 0.012266
2 0.210810 0.667068 0.117565 0.083427
1 0.042310 0.588039 0.033917 0.021901
1 0.061778 0.577089 0.035167 0.024021
1 0.105111 0.566135 0.023870 0.028969
7 0.391495 0.535755 0.074102 0.044510
3 0.733625 0.505839 0.013565 0.015260
3 0.836870 0.601646 0.042204 0.055958
3 0.342481 0.530003 0.024111 0.029672
3 0.265509 0.544659 0.030148 0.030380
3 0.235366 0.523458 0.020102 0.020490
3 0.222176 0.577865 0.046481 0.036031
3 0.154977 0.587404 0.040194 0.035328
3 0.073963 0.621315 0.048981 0.042391
3 0.165028 0.543948 0.037685 0.024729
0 0.610523 0.571911 0.054954 0.033854
0 0.590023 0.532417 0.038380 0.019625
0 0.651519 0.531680 0.035759 0.021099
0 0.467903 0.501505 0.022676 0.013740
0 0.434759 0.503958 0.022685 0.010792
