0 0.554292 0.501414 0.034602 0.024776
3 0.140565 0.625740 0.050333 0.043354
3 0.153153 0.551411 0.037750 0.027427
3 0.973523 0.606716 0.045620 0.044245
5 0.792616 0.605388 0.187194 0.119453
1 0.096523 0.575745 0.044046 0.038937
1 0.050898 0.581495 0.034611 0.030969
1 0.014440 0.589901 0.028880 0.019469
1 0.602273 0.560703 0.045620 0.017698
3 0.579458 0.543888 0.044046 0.023005
3 0.036741 0.627951 0.062926 0.044245
2 0.715532 0.540792 0.039324 0.022125
2 0.116968 0.728826 0.128991 0.076099
0 0.673847 0.564240 0.056639 0.033625
0 0.672273 0.680159 0.138435 0.070786
0 0.770593 0.803596 0.212370 0.160161
0 0.331699 0.669539 0.102250 0.076099
0 0.198773 0.858458 0.257991 0.115917
0 0.404060 0.533271 0.061343 0.030083
