1 0.060269 0.578695 0.034481 0.022734
0 0.447926 0.493758 0.018926 0.011609
1 0.102472 0.562982 0.035667 0.028755
3 0.254801 0.558341 0.040454 0.030651
3 0.268838 0.536747 0.022287 0.021828
3 0.351801 0.523977 0.026417 0.030651
3 0.875676 0.630076 0.061630 0.057776
2 0.309898 0.588477 0.061630 0.044297
2 0.585403 0.493125 0.014861 0.018385
2 0.615620 0.500367 0.023778 0.021734
3 0.162338 0.545107 0.032194 0.024609
3 0.137981 0.594099 0.041278 0.039938
3 0.201139 0.569255 0.037148 0.032042
3 0.239528 0.521422 0.019815 0.026469
1 0.352042 0.684844 0.076009 0.077708
1 0.716495 0.536904 0.022583 0.008693
1 0.038866 0.589396 0.039231 0.022740
0 0.469713 0.514560 0.030389 0.019672
0 0.477162 0.492792 0.020065 0.013542
7 0.407616 0.522419 0.064194 0.038516
0 0.600199 0.560534 0.059917 0.032901
0 0.641574 0.625935 0.094148 0.054568
0 0.687940 0.553313 0.055639 0.032896
