0 0.422778 0.570081 0.062926 0.038047
0 0.495144 0.542208 0.050343 0.030083
0 0.624139 0.501948 0.034611 0.015042
0 0.611551 0.523185 0.040898 0.029203
0 0.639870 0.581586 0.091241 0.046901
0 0.687847 0.543534 0.061343 0.025661
0 0.746051 0.638659 0.095954 0.063714
3 0.162431 0.538669 0.036176 0.031859
3 0.196250 0.566984 0.059778 0.030083
3 0.249741 0.530263 0.031463 0.025661
3 0.236370 0.513893 0.023593 0.012391
3 0.939542 0.574065 0.048769 0.038932
5 0.356708 0.530706 0.081806 0.044245
5 0.608403 0.479826 0.047194 0.027432
1 0.103444 0.553268 0.028315 0.027432
1 0.061750 0.571409 0.029889 0.021234
1 0.040519 0.578487 0.025167 0.028318
3 0.731106 0.497521 0.025176 0.016812
2 0.480199 0.493982 0.033028 0.022120
