3 0.802079 0.579328 0.047194 0.041292
3 0.240083 0.549802 0.030204 0.032917
3 0.178731 0.603953 0.062296 0.049906
2 0.397926 0.513935 0.033870 0.023349
7 0.344944 0.565552 0.107056 0.057760
1 0.964931 0.620193 0.055417 0.051375
2 0.958398 0.708263 0.075056 0.091745
0 0.456370 0.585523 0.085204 0.037484
0 0.456370 0.513013 0.037148 0.020276
0 0.420319 0.520385 0.032769 0.016594
3 0.165236 0.545273 0.029491 0.027036
0 0.580907 0.519159 0.041519 0.022734
0 0.621329 0.514549 0.043694 0.022120
0 0.598384 0.543737 0.045880 0.028880
3 0.235699 0.521000 0.024028 0.015365
1 0.101329 0.562479 0.037139 0.014750
1 0.057634 0.574768 0.032769 0.017203
1 0.037421 0.588904 0.040417 0.020891
3 0.736532 0.506328 0.020972 0.017698
3 0.098773 0.606245 0.051120 0.052354
