3 0.026486 0.639271 0.052972 0.056687
3 0.766181 0.554966 0.041343 0.024714
1 0.776301 0.587979 0.044861 0.030281
1 0.061190 0.583435 0.046657 0.029276
7 0.253847 0.638690 0.170120 0.119922
2 0.368944 0.533471 0.044870 0.028266
2 0.859741 0.619773 0.071778 0.047443
0 0.355310 0.756281 0.155046 0.101750
0 0.875532 0.683669 0.163306 0.067630
0 0.440366 0.535792 0.046657 0.022208
0 0.395500 0.553456 0.039481 0.023214
0 0.584824 0.526203 0.037685 0.023219
0 0.593616 0.500966 0.030509 0.016151
0 0.558162 0.506128 0.036176 0.017443
0 0.453509 0.498133 0.038759 0.030526
1 0.033375 0.590503 0.030509 0.017161
1 0.100662 0.567286 0.046657 0.031292
3 0.267556 0.555677 0.039481 0.028260
3 0.187699 0.570818 0.041269 0.028260
3 0.161139 0.543867 0.034093 0.017161
3 0.108532 0.637818 0.069769 0.050875
