0 0.770315 0.856781 0.201148 0.121469
0 0.467102 0.567253 0.068037 0.048255
1 0.051116 0.573214 0.029954 0.025677
1 0.029000 0.581638 0.031389 0.029693
2 0.389926 0.610125 0.064204 0.050552
3 0.109606 0.636206 0.052787 0.047349
2 0.634560 0.525276 0.028898 0.023219
1 0.372806 0.576424 0.031389 0.030495
1 0.150972 0.565591 0.039944 0.027286
1 0.922514 0.671440 0.071491 0.065172
7 0.450972 0.481589 0.040611 0.020062
1 0.106750 0.559172 0.029963 0.024875
3 0.327370 0.521193 0.019815 0.019969
3 0.306731 0.536518 0.021463 0.023682
3 0.282375 0.532336 0.027250 0.023682
3 0.293519 0.507492 0.021463 0.014859
3 0.237639 0.515302 0.022593 0.020062
2 0.421815 0.504659 0.027241 0.026932
2 0.702917 0.537398 0.031370 0.025536
3 0.166551 0.536367 0.034472 0.024745
3 0.105324 0.598891 0.049926 0.019260
3 0.733708 0.500034 0.024769 0.015047
3 0.386394 0.496578 0.020639 0.015323
0 0.598097 0.499156 0.024769 0.017417
0 0.567481 0.491029 0.022704 0.013547
0 0.576426 0.481161 0.018574 0.012385
0 0.848708 0.733648 0.144954 0.111484
