1 0.059301 0.575159 0.025417 0.023557
0 0.450824 0.521687 0.039667 0.018656
0 0.409352 0.533250 0.036056 0.020688
0 0.463153 0.492359 0.022361 0.015417
7 0.314139 0.583578 0.127056 0.089635
0 0.571620 0.509315 0.025963 0.017443
3 0.163981 0.547820 0.028407 0.029443
3 0.220806 0.562120 0.043370 0.039531
3 0.773366 0.568430 0.044861 0.042057
3 0.147532 0.613010 0.037380 0.040375
3 0.060801 0.622263 0.046361 0.042057
1 0.860847 0.598711 0.037380 0.030286
0 0.608759 0.506680 0.025241 0.017036
1 0.027148 0.586516 0.035889 0.021031
1 0.104167 0.568849 0.034389 0.031125
2 0.910944 0.652547 0.098704 0.058885
2 0.393532 0.520482 0.032898 0.023557
0 0.938843 0.745750 0.122315 0.101948
0 0.415602 0.632190 0.077167 0.066620
0 0.594694 0.529799 0.038944 0.018661
