1 0.108519 0.560172 0.034259 0.027042
1 0.062843 0.572341 0.031852 0.025016
1 0.039407 0.582651 0.034259 0.022646
2 0.441778 0.493786 0.039463 0.023948
2 0.415111 0.535203 0.046111 0.034344
5 0.119394 0.750057 0.233806 0.225719
3 0.851324 0.543133 0.026444 0.028057
3 0.730829 0.501555 0.021028 0.021297
3 0.350657 0.507615 0.015852 0.010094
3 0.340014 0.524987 0.024620 0.026057
3 0.302454 0.523581 0.027130 0.026526
3 0.315435 0.499750 0.016278 0.015260
3 0.242597 0.515518 0.020769 0.020443
3 0.168347 0.565464 0.036343 0.023365
3 0.166273 0.538299 0.030120 0.027453
3 0.183407 0.594961 0.043611 0.041474
3 0.026278 0.630888 0.052556 0.026870
2 0.777940 0.587659 0.057120 0.039724
2 0.679282 0.575099 0.048806 0.046146
0 0.579069 0.481052 0.020769 0.012271
0 0.629440 0.523987 0.034269 0.025703
0 0.596204 0.494195 0.023889 0.017526
0 0.583745 0.509677 0.034269 0.021615
0 0.483532 0.542680 0.047769 0.029203
0 0.884148 0.845701 0.230407 0.141724
