2 0.834532 0.604010 0.058324 0.033646
1 0.744056 0.580036 0.041870 0.021031
7 0.203241 0.662310 0.206722 0.133245
5 0.958032 0.735352 0.083935 0.149714
0 0.833370 0.659042 0.134370 0.063958
0 0.264870 0.841461 0.201556 0.143901
0 0.384856 0.565654 0.056824 0.032807
0 0.433458 0.543784 0.046361 0.032807
0 0.449162 0.500042 0.026917 0.014302
0 0.588981 0.498359 0.028407 0.015979
0 0.562815 0.502565 0.023926 0.014297
0 0.576273 0.518969 0.032898 0.020187
3 0.071236 0.649594 0.053843 0.047240
3 0.160394 0.546557 0.037380 0.026917
3 0.181032 0.580458 0.040380 0.038698
3 0.235616 0.523258 0.026917 0.025234
3 0.252065 0.566997 0.029907 0.031964
3 0.752282 0.551018 0.028417 0.021870
1 0.025505 0.588029 0.025417 0.025234
1 0.056912 0.580458 0.025417 0.023552
1 0.104764 0.568260 0.028417 0.024396
2 0.352255 0.548073 0.038880 0.034490
