0 0.568792 0.482323 0.019269 0.012000
0 0.585644 0.488323 0.019954 0.013156
3 0.730644 0.503211 0.020806 0.018391
3 0.379940 0.505997 0.022787 0.020620
3 0.306630 0.535253 0.032685 0.026745
1 0.141315 0.786810 0.078889 0.074880
1 0.822606 0.588862 0.030806 0.026964
2 0.400269 0.529643 0.027241 0.030182
2 0.610370 0.504333 0.023111 0.018573
2 0.657014 0.514552 0.018991 0.021365
0 0.416343 0.676990 0.110926 0.084354
3 0.170593 0.540557 0.041278 0.029719
1 0.451287 0.534753 0.028074 0.022755
1 0.105375 0.558435 0.024769 0.021828
1 0.064093 0.576315 0.031370 0.025078
1 0.038505 0.581422 0.024769 0.024146
0 0.799458 0.890750 0.219806 0.089000
0 0.783028 0.642901 0.104759 0.071646
3 0.252639 0.550021 0.035667 0.022844
0 0.487611 0.477487 0.015130 0.008516
3 0.279389 0.513799 0.019815 0.016161
3 0.240255 0.516865 0.020806 0.018948
0 0.478667 0.485227 0.017889 0.011609
3 0.949833 0.727370 0.094500 0.095906
0 0.662852 0.667169 0.110926 0.060089
3 0.022977 0.669016 0.045954 0.083198
7 0.433139 0.493013 0.032685 0.023964
