3 0.210537 0.566849 0.029722 0.028417
3 0.934838 0.689747 0.064102 0.101224
2 0.639148 0.509417 0.024259 0.024073
2 0.596352 0.502198 0.027111 0.019260
2 0.375944 0.543922 0.042796 0.024073
0 0.297079 0.847242 0.202102 0.137505
1 0.780097 0.565323 0.021398 0.024073
1 0.107227 0.564320 0.030917 0.032766
1 0.065023 0.579359 0.034472 0.028094
1 0.037088 0.584380 0.040417 0.034104
1 0.429394 0.559638 0.021398 0.022068
0 0.481829 0.482091 0.032194 0.013005
0 0.735162 0.780914 0.203287 0.135078
0 0.742292 0.603708 0.074898 0.044135
0 0.634704 0.616745 0.083222 0.044802
0 0.581644 0.487383 0.023120 0.013932
0 0.566782 0.481117 0.023120 0.012536
0 0.474319 0.495977 0.023120 0.011609
7 0.428301 0.505164 0.065620 0.032901
3 0.238273 0.519482 0.019806 0.017276
3 0.239759 0.553477 0.028722 0.028422
3 0.162088 0.543112 0.034676 0.029536
3 0.733019 0.503799 0.020204 0.018724
3 0.369046 0.509172 0.017833 0.017833
3 0.295731 0.545953 0.035667 0.026750
3 0.273935 0.525055 0.031704 0.022849
