3 0.060685 0.618536 0.054259 0.039677
1 0.093181 0.570870 0.033157 0.026281
1 0.050222 0.581044 0.040704 0.024589
1 0.021583 0.585706 0.037685 0.028828
1 0.615319 0.564063 0.047102 0.018646
3 0.154736 0.608870 0.047028 0.050875
3 0.154736 0.551893 0.047028 0.038661
3 0.233417 0.524932 0.030741 0.019333
3 0.987046 0.606836 0.025907 0.042734
3 0.606019 0.541211 0.048833 0.029505
0 0.414292 0.527987 0.041602 0.023401
0 0.354602 0.637865 0.085019 0.055958
0 0.261454 0.768096 0.159167 0.100724
0 0.694644 0.572242 0.070546 0.038661
0 0.560796 0.505602 0.034370 0.023401
0 0.709111 0.722820 0.139278 0.097672
0 0.819449 0.854479 0.251417 0.122917
2 0.191815 0.667674 0.081389 0.069182
2 0.731722 0.543552 0.050648 0.022385
5 0.838435 0.629523 0.198963 0.137349
