3 0.157773 0.534214 0.031713 0.028031
1 0.107250 0.555247 0.028222 0.021505
1 0.062278 0.569536 0.029130 0.019458
1 0.049074 0.580544 0.039148 0.025089
2 0.458278 0.506807 0.029130 0.022021
3 0.360417 0.510135 0.019111 0.015365
3 0.371343 0.501685 0.015481 0.013828
3 0.728565 0.496786 0.023519 0.014083
2 0.784685 0.695380 0.118926 0.080698
2 0.916639 0.680237 0.086074 0.070078
3 0.896255 0.560971 0.045306 0.028036
3 0.140787 0.598560 0.070222 0.044599
3 0.220069 0.546953 0.038509 0.022937
5 0.289162 0.581357 0.135917 0.104484
0 0.636880 0.518286 0.043037 0.026760
0 0.577986 0.498534 0.038509 0.025484
0 0.682185 0.568617 0.079278 0.033130
0 0.610829 0.536122 0.040769 0.021661
0 0.500963 0.542495 0.061167 0.029302
0 0.404690 0.631052 0.072491 0.063708
3 0.320875 0.514464 0.022657 0.026760
