0 0.486440 0.474010 0.016843 0.007802
0 0.577398 0.477586 0.027648 0.011828
0 0.579505 0.486206 0.016231 0.010141
0 0.468167 0.559826 0.079130 0.037224
0 0.567486 0.495333 0.023435 0.020281
3 0.139699 0.621961 0.050528 0.040682
0 0.862495 0.782997 0.162009 0.142297
0 0.605347 0.508349 0.029454 0.017917
2 0.723704 0.553698 0.051519 0.035667
2 0.642968 0.540044 0.034676 0.030651
2 0.404708 0.581003 0.051509 0.039005
2 0.427986 0.501875 0.024769 0.022292
1 0.480991 0.497695 0.009907 0.010589
1 0.391824 0.554255 0.017833 0.014490
1 0.038653 0.582398 0.020806 0.023964
1 0.065898 0.571531 0.029722 0.022292
1 0.106014 0.558156 0.014861 0.021177
1 0.964389 0.725331 0.071222 0.056839
3 0.830694 0.536979 0.023778 0.025635
3 0.733611 0.501039 0.023778 0.017276
3 0.389847 0.493237 0.019806 0.013932
3 0.330407 0.512182 0.021796 0.015042
3 0.319509 0.531406 0.023778 0.020062
3 0.288301 0.528065 0.018824 0.024516
3 0.302171 0.504940 0.020806 0.016161
3 0.240255 0.517477 0.023769 0.020057
3 0.163477 0.535307 0.024769 0.023406
3 0.122361 0.592148 0.045574 0.022286
7 0.455727 0.479026 0.026750 0.020062
