1 0.020287 0.594841 0.040574 0.024464
1 0.044648 0.582607 0.029907 0.018349
1 0.089505 0.574961 0.032620 0.018349
3 0.127560 0.645297 0.081546 0.058104
3 0.150662 0.549732 0.029898 0.032109
3 0.967514 0.604013 0.043491 0.033641
3 0.023005 0.645307 0.046009 0.051969
2 0.058241 0.813495 0.106019 0.128438
0 0.391231 0.546674 0.054370 0.038224
0 0.297454 0.722516 0.138630 0.084094
0 0.642995 0.644815 0.088343 0.064984
0 0.723412 0.734010 0.149509 0.118500
0 0.665648 0.558167 0.043037 0.034406
5 0.772116 0.586836 0.169898 0.112130
1 0.577440 0.552029 0.046213 0.039755
