0 0.588319 0.532633 0.036176 0.018651
3 0.235255 0.518328 0.028713 0.024229
3 0.256787 0.542555 0.032296 0.024224
3 0.833722 0.591510 0.055630 0.043406
0 0.474519 0.539414 0.046722 0.027130
7 0.381130 0.539865 0.070130 0.055344
3 0.167065 0.544070 0.039481 0.035328
3 0.219102 0.576875 0.043074 0.038354
0 0.614694 0.566544 0.049741 0.035609
3 0.151810 0.584951 0.048454 0.036339
2 0.576343 0.487701 0.016722 0.012266
2 0.599602 0.492404 0.021074 0.014307
2 0.200870 0.675633 0.103370 0.078734
3 0.062083 0.619776 0.055630 0.041385
2 0.419338 0.498354 0.018843 0.013542
0 0.469056 0.502477 0.026167 0.018255
0 0.433991 0.505716 0.025130 0.014130
3 0.339787 0.532208 0.016741 0.028260
1 0.684153 0.520141 0.020935 0.014719
1 0.036759 0.587849 0.030352 0.021781
1 0.059787 0.576076 0.030352 0.025318
1 0.106366 0.565477 0.027213 0.025318
0 0.644843 0.529664 0.049741 0.022891
