3 0.639375 0.542185 0.032898 0.021026
2 0.742884 0.556323 0.051676 0.024229
0 0.300356 0.688958 0.131361 0.073885
0 0.377884 0.610227 0.079676 0.044818
0 0.769801 0.781625 0.187343 0.140510
0 0.418796 0.518773 0.032296 0.031495
0 0.557690 0.507872 0.038769 0.024224
0 0.723505 0.585396 0.081824 0.038760
0 0.862157 0.909167 0.145741 0.038375
5 0.880593 0.647534 0.238815 0.151411
3 0.089324 0.610589 0.051685 0.036344
3 0.177611 0.603320 0.060296 0.041182
3 0.158231 0.553659 0.047370 0.024224
3 0.228222 0.526404 0.036611 0.018172
2 0.247597 0.629000 0.064602 0.050875
1 0.640125 0.559008 0.055324 0.019349
1 0.089810 0.573729 0.034398 0.030281
1 0.049435 0.582982 0.037389 0.026922
1 0.016116 0.597701 0.032231 0.032807
