0 0.576162 0.477349 0.023083 0.011760
1 0.107806 0.555122 0.031148 0.025120
1 0.038954 0.579891 0.038426 0.021031
1 0.065435 0.574341 0.035315 0.030964
5 0.057639 0.806833 0.115278 0.201531
0 0.866023 0.831651 0.168676 0.175635
3 0.170532 0.602497 0.046731 0.041474
3 0.149759 0.581466 0.040500 0.040307
3 0.164815 0.535904 0.027000 0.028620
3 0.239588 0.513997 0.016620 0.018693
3 0.294111 0.528310 0.030111 0.026286
3 0.310727 0.501146 0.019731 0.015187
3 0.333051 0.523052 0.022843 0.020448
3 0.340616 0.511055 0.015028 0.013859
3 0.731491 0.501419 0.027037 0.021297
3 0.842671 0.539789 0.029454 0.025693
0 0.388514 0.478771 0.021639 0.014198
0 0.589144 0.490331 0.021639 0.012578
0 0.617986 0.514872 0.031731 0.021099
0 0.477722 0.545906 0.054093 0.030427
0 0.574361 0.502904 0.026685 0.017443
2 0.434019 0.494263 0.023074 0.017443
2 0.407699 0.551260 0.032454 0.030833
2 0.659384 0.552680 0.039657 0.034484
2 0.754218 0.569109 0.040380 0.037323
7 0.461880 0.477260 0.027130 0.018312
1 0.486296 0.488883 0.010019 0.006339
