0 0.643954 0.534708 0.046870 0.022312
1 0.033264 0.580794 0.028843 0.025151
1 0.068116 0.571016 0.028083 0.024750
1 0.108843 0.559456 0.030296 0.023526
3 0.862463 0.552964 0.037500 0.036510
3 0.358944 0.507773 0.015870 0.014203
3 0.732870 0.501081 0.023796 0.017443
3 0.347954 0.519831 0.022500 0.022391
3 0.308148 0.521047 0.032889 0.023854
3 0.199968 0.573375 0.039806 0.018500
3 0.182662 0.559992 0.038083 0.020932
3 0.240213 0.516422 0.019907 0.024344
3 0.170977 0.536625 0.037213 0.025802
3 0.065829 0.615484 0.050194 0.025802
0 0.606449 0.501849 0.033898 0.015010
0 0.591667 0.515643 0.036056 0.019880
0 0.583949 0.484854 0.023083 0.015823
5 0.154861 0.663281 0.294296 0.156458
2 0.443407 0.491594 0.019907 0.014604
2 0.431727 0.523482 0.024231 0.024828
2 0.818468 0.614523 0.064602 0.047443
2 0.704519 0.606956 0.073574 0.050474
0 0.495889 0.543362 0.045222 0.036339
0 0.888884 0.881312 0.211028 0.096906
0 0.346227 0.811057 0.163657 0.130823
