0 0.748690 0.801260 0.187565 0.165135
0 0.190301 0.866214 0.234213 0.130031
0 0.334148 0.677406 0.114167 0.058104
0 0.668505 0.675880 0.135917 0.079510
0 0.402644 0.535086 0.048509 0.025068
0 0.554051 0.503745 0.034083 0.016958
0 0.682523 0.560526 0.057676 0.027281
1 0.600593 0.558682 0.038019 0.017698
3 0.038213 0.632052 0.061611 0.043510
3 0.139153 0.629839 0.072102 0.055302
3 0.147014 0.552784 0.053750 0.032443
3 0.228949 0.528078 0.028843 0.024333
3 0.571750 0.543195 0.043259 0.026547
3 0.977597 0.604768 0.044806 0.037609
2 0.131917 0.720331 0.118926 0.090255
5 0.800167 0.608484 0.169889 0.111490
1 0.093843 0.573534 0.028315 0.029203
1 0.046653 0.584594 0.037750 0.026542
1 0.027778 0.589904 0.034611 0.023005
2 0.711815 0.540143 0.044611 0.020995
