0 0.442653 0.506323 0.034898 0.018927
0 0.374741 0.587284 0.063556 0.039255
3 0.163218 0.548177 0.043269 0.026365
3 0.236421 0.525865 0.031009 0.020688
3 0.034278 0.655000 0.058574 0.028740
3 0.725287 0.548102 0.029907 0.019630
1 0.102194 0.567378 0.037389 0.024536
7 0.146176 0.740437 0.251944 0.199865
1 0.052972 0.582799 0.041130 0.025932
1 0.024935 0.590159 0.047352 0.025234
5 0.926139 0.731477 0.147722 0.228932
3 0.156731 0.589148 0.049037 0.036911
3 0.228847 0.574544 0.034620 0.037724
2 0.327491 0.567104 0.055981 0.046031
2 0.793708 0.587089 0.049528 0.035125
0 0.575449 0.496065 0.018528 0.013807
0 0.554361 0.499023 0.021037 0.012109
0 0.794079 0.629344 0.089731 0.050469
0 0.420843 0.557143 0.046111 0.029443
0 0.572880 0.515786 0.031148 0.019625
