0 0.474662 0.489117 0.019972 0.015245
7 0.416171 0.513995 0.058491 0.045740
3 0.160565 0.586281 0.041130 0.045062
3 0.890875 0.638857 0.067787 0.076266
3 0.161611 0.541214 0.039037 0.033510
3 0.207833 0.562591 0.028759 0.039286
0 0.697208 0.566552 0.062769 0.040125
3 0.236593 0.520417 0.028759 0.028885
3 0.267097 0.529802 0.024250 0.020865
3 0.268523 0.558286 0.029954 0.026479
3 0.362681 0.517362 0.029954 0.028089
1 0.384894 0.624740 0.032694 0.051875
2 0.336019 0.573221 0.047241 0.042755
2 0.590060 0.492677 0.018991 0.014396
2 0.624324 0.499878 0.018167 0.013005
1 0.037162 0.589474 0.030713 0.025073
1 0.064407 0.576937 0.037648 0.021177
1 0.108000 0.562727 0.029722 0.025078
1 0.735097 0.544615 0.023769 0.014490
0 0.610903 0.571768 0.055639 0.034505
0 0.654412 0.652013 0.105565 0.073026
0 0.468958 0.507172 0.028528 0.017656
