0 0.607056 0.531125 0.044130 0.027260
1 0.107306 0.560102 0.023926 0.025234
1 0.063940 0.569776 0.020935 0.024396
1 0.035528 0.578187 0.029907 0.024396
2 0.452000 0.508789 0.034389 0.025234
2 0.450505 0.483977 0.040380 0.019349
3 0.879565 0.556581 0.047352 0.032245
3 0.730648 0.500857 0.026167 0.020328
3 0.371926 0.505664 0.022352 0.021099
3 0.357861 0.513979 0.015870 0.019875
3 0.240315 0.514388 0.025963 0.018255
3 0.314954 0.516010 0.020907 0.020688
3 0.166032 0.537914 0.034620 0.031234
3 0.114481 0.600310 0.047852 0.042901
5 0.259444 0.593484 0.134370 0.104656
2 0.890824 0.661555 0.097611 0.075943
2 0.759977 0.664182 0.097620 0.073021
0 0.667639 0.559115 0.057981 0.034563
0 0.623069 0.511164 0.027694 0.020443
0 0.490227 0.539156 0.038935 0.027750
0 0.591912 0.489745 0.017306 0.016552
0 0.572269 0.496901 0.025093 0.017521
0 0.395750 0.656010 0.116278 0.072677
0 0.883241 0.904982 0.186056 0.052328
