0 0.396662 0.545909 0.078139 0.042193
0 0.704523 0.721716 0.143769 0.116036
0 0.293523 0.742815 0.140639 0.105484
5 0.762657 0.580260 0.168778 0.113927
1 0.974167 0.734268 0.051667 0.088609
2 0.040671 0.837646 0.067509 0.122365
3 0.226319 0.527487 0.026380 0.021901
3 0.145931 0.550099 0.026380 0.024729
1 0.029120 0.594609 0.033907 0.023312
1 0.043565 0.586130 0.030148 0.021906
1 0.096949 0.571292 0.033917 0.024729
3 0.963218 0.597771 0.073565 0.054500
3 0.568565 0.552940 0.059389 0.049224
3 0.121620 0.644362 0.059389 0.052745
3 0.027856 0.637344 0.040639 0.045729
0 0.657644 0.545029 0.050009 0.040432
0 0.649829 0.632932 0.078139 0.072083
