3 0.022685 0.667479 0.045370 0.030844
3 0.141949 0.591771 0.043620 0.036448
3 0.157528 0.548661 0.039870 0.024531
2 0.320778 0.571794 0.044870 0.037151
2 0.784486 0.580065 0.044861 0.030839
1 0.096120 0.566659 0.025093 0.022880
1 0.055014 0.580289 0.036343 0.020932
1 0.019963 0.592216 0.028556 0.022391
0 0.362546 0.599401 0.064389 0.033885
0 0.571801 0.514406 0.023880 0.022781
0 0.553625 0.498344 0.020769 0.016354
0 0.406681 0.564937 0.050880 0.029208
1 0.692560 0.563836 0.021639 0.020932
7 0.127463 0.774961 0.254926 0.237411
0 0.774310 0.622474 0.086194 0.049656
5 0.917523 0.738138 0.164954 0.271328
0 0.571278 0.492503 0.014537 0.012849
0 0.437319 0.508273 0.033231 0.018693
3 0.707722 0.547609 0.021185 0.019625
3 0.235412 0.525880 0.016194 0.021031
3 0.217968 0.581958 0.038639 0.030844
