1 0.060264 0.575688 0.027343 0.020729
1 0.036491 0.587055 0.029722 0.022068
1 0.110199 0.559305 0.024972 0.024078
1 0.418699 0.574016 0.021398 0.026750
1 0.767019 0.563318 0.026148 0.024073
2 0.370838 0.555448 0.042806 0.036594
2 0.594519 0.499922 0.015852 0.015604
2 0.632764 0.505943 0.022787 0.017833
3 0.927028 0.675719 0.073611 0.084740
3 0.161792 0.543891 0.034676 0.026188
3 0.237583 0.520208 0.019815 0.022292
3 0.192505 0.572589 0.040620 0.031208
3 0.233125 0.554479 0.032694 0.028417
3 0.264819 0.524667 0.024769 0.025635
3 0.285130 0.551135 0.029722 0.031760
3 0.365380 0.509620 0.021796 0.020062
3 0.735889 0.506833 0.019815 0.018948
7 0.423310 0.506771 0.058491 0.031292
0 0.702773 0.731953 0.160917 0.105927
0 0.627454 0.601477 0.089019 0.051036
0 0.728449 0.593773 0.071898 0.049109
0 0.472611 0.499003 0.026148 0.013932
0 0.482931 0.485070 0.022009 0.011609
0 0.566519 0.481589 0.017204 0.010062
0 0.580968 0.486620 0.021324 0.010833
