2 0.745250 0.566982 0.053833 0.043609
0 0.572958 0.501331 0.030287 0.019474
2 0.656963 0.553659 0.040907 0.041182
0 0.576852 0.477479 0.019037 0.009740
0 0.585074 0.488674 0.021630 0.011682
5 0.051981 0.823344 0.102981 0.174760
3 0.162639 0.536885 0.026167 0.025938
3 0.239653 0.516630 0.021028 0.018927
3 0.295727 0.525286 0.019231 0.021635
0 0.868926 0.826995 0.170481 0.164531
1 0.108236 0.558531 0.032028 0.021906
1 0.063671 0.570458 0.031157 0.027260
1 0.037708 0.580922 0.034620 0.029698
1 0.198671 0.548792 0.019046 0.021906
3 0.308042 0.502466 0.017435 0.015214
3 0.837778 0.537938 0.025963 0.024823
1 0.484255 0.491352 0.012120 0.010224
3 0.163884 0.610138 0.041120 0.044859
3 0.143324 0.581047 0.029907 0.025937
3 0.730898 0.500456 0.023370 0.017036
0 0.384620 0.475646 0.025241 0.012167
7 0.460343 0.477268 0.038222 0.021901
2 0.431856 0.497753 0.023083 0.023120
3 0.394287 0.492156 0.013222 0.016229
3 0.329079 0.524102 0.015028 0.016568
3 0.343505 0.512437 0.012620 0.013521
2 0.406093 0.556688 0.047370 0.030281
0 0.470843 0.550742 0.049333 0.027745
0 0.615361 0.515448 0.035481 0.020448
