2 0.406815 0.547836 0.043963 0.028964
0 0.867958 0.849323 0.264083 0.166042
5 0.083625 0.787669 0.167250 0.191682
3 0.168843 0.596560 0.039796 0.036630
3 0.153292 0.576617 0.030750 0.028484
3 0.299556 0.525055 0.026167 0.025516
3 0.346222 0.511810 0.020056 0.015703
3 0.334009 0.524810 0.018315 0.017172
0 0.589148 0.489237 0.026167 0.012755
0 0.578685 0.505430 0.024426 0.017661
0 0.619241 0.515242 0.034019 0.017661
0 0.478370 0.545419 0.050593 0.030911
3 0.018588 0.656258 0.037176 0.050047
3 0.168051 0.539586 0.032713 0.030255
3 0.240736 0.516896 0.019620 0.025760
3 0.311972 0.502177 0.016722 0.017583
3 0.734657 0.498089 0.014537 0.017583
2 0.438704 0.497768 0.021704 0.023401
3 0.848384 0.543042 0.034361 0.030521
1 0.109861 0.557727 0.027259 0.023172
1 0.062917 0.569141 0.032704 0.020104
1 0.045051 0.580047 0.034528 0.021469
2 0.666574 0.556880 0.043963 0.035323
2 0.759773 0.573625 0.048991 0.036740
