0 0.582278 0.484857 0.018315 0.009182
3 0.733218 0.503870 0.020639 0.018573
3 0.377398 0.505031 0.022296 0.019969
3 0.301032 0.537076 0.026417 0.023682
3 0.255218 0.546130 0.030546 0.024146
3 0.236639 0.558203 0.034667 0.027865
3 0.278741 0.519891 0.018167 0.016250
3 0.239116 0.518961 0.018157 0.022755
3 0.163991 0.542878 0.028074 0.027859
3 0.947292 0.708987 0.091306 0.097099
1 0.439875 0.538708 0.020806 0.021729
1 0.109977 0.560161 0.022787 0.027865
1 0.063023 0.574872 0.034676 0.027307
1 0.041269 0.579635 0.034241 0.023271
1 0.041815 0.886372 0.083630 0.065172
2 0.650824 0.513854 0.023111 0.025542
2 0.605421 0.502479 0.024769 0.017646
2 0.394074 0.535448 0.031370 0.028792
0 0.565741 0.479763 0.017778 0.011609
0 0.487199 0.478313 0.017769 0.010000
0 0.476019 0.488471 0.022926 0.010964
0 0.765431 0.850779 0.244806 0.149255
0 0.773991 0.624008 0.101000 0.063557
0 0.650731 0.645674 0.104426 0.081849
0 0.376833 0.718859 0.131815 0.089552
7 0.434625 0.497750 0.035657 0.033437
