7 0.393306 0.536023 0.065111 0.050870
0 0.620306 0.579018 0.055481 0.034151
0 0.471153 0.498945 0.023028 0.012953
0 0.474292 0.528971 0.033491 0.021193
0 0.439644 0.503714 0.018843 0.013542
2 0.249032 0.639544 0.073861 0.059349
3 0.345523 0.526286 0.020102 0.020490
3 0.266389 0.543596 0.022611 0.025432
3 0.238755 0.522755 0.017583 0.020490
3 0.231222 0.571857 0.035167 0.035328
3 0.168542 0.543102 0.032657 0.026141
3 0.165773 0.580789 0.036176 0.036630
3 0.088898 0.614872 0.045222 0.039682
3 0.853995 0.604190 0.063306 0.042734
1 0.694625 0.527206 0.023028 0.015307
1 0.061880 0.580786 0.028259 0.024729
1 0.034144 0.590497 0.029306 0.021786
1 0.108356 0.566711 0.032454 0.024141
2 0.422477 0.495000 0.014657 0.014719
2 0.605130 0.494117 0.021981 0.015307
0 0.655370 0.538096 0.037685 0.025318
0 0.596231 0.541042 0.040815 0.022958
