3 0.269185 0.526781 0.021796 0.018948
3 0.366269 0.516474 0.021796 0.020615
1 0.110870 0.563896 0.021796 0.027865
1 0.416991 0.579221 0.027741 0.025078
0 0.577894 0.484471 0.017769 0.009349
3 0.284042 0.552974 0.035657 0.034552
7 0.419745 0.509581 0.062769 0.038516
3 0.920616 0.664292 0.058491 0.067406
0 0.690468 0.718258 0.158139 0.110339
3 0.162329 0.541388 0.018824 0.026964
3 0.734204 0.503544 0.017833 0.019505
3 0.190917 0.573872 0.033685 0.030651
0 0.565856 0.478667 0.015472 0.008708
0 0.482727 0.486727 0.022361 0.011286
0 0.473264 0.500271 0.024083 0.015156
1 0.035282 0.586297 0.032694 0.023406
1 0.060843 0.578107 0.032685 0.023964
0 0.623889 0.592206 0.072519 0.045474
0 0.724935 0.589195 0.074889 0.046141
2 0.633074 0.506659 0.015685 0.017182
2 0.595097 0.496208 0.022287 0.019500
2 0.368894 0.552398 0.043750 0.032505
3 0.232032 0.559104 0.028731 0.026750
3 0.236491 0.522323 0.025759 0.017833
