3 0.136699 0.624156 0.053843 0.043604
3 0.050565 0.629607 0.053833 0.052089
7 0.295838 0.604773 0.124898 0.095693
2 0.903398 0.640727 0.069778 0.058141
2 0.373764 0.526031 0.033231 0.019281
0 0.448009 0.526031 0.038426 0.019281
0 0.462032 0.494490 0.020769 0.014604
1 0.103963 0.567331 0.022852 0.025120
1 0.058269 0.578721 0.031148 0.018693
1 0.037190 0.587253 0.033231 0.019276
1 0.833542 0.600292 0.062454 0.018167
1 0.638264 0.505411 0.013509 0.009344
3 0.731741 0.508039 0.013481 0.018109
3 0.680843 0.507164 0.028037 0.017526
3 0.210861 0.560781 0.028426 0.031979
3 0.163060 0.541156 0.036176 0.027615
3 0.780653 0.560781 0.041343 0.037792
0 0.589769 0.529536 0.037389 0.022781
0 0.604824 0.504419 0.025963 0.020443
0 0.571593 0.508799 0.025963 0.014016
0 0.409588 0.538008 0.034269 0.018693
0 0.412333 0.652620 0.083981 0.049667
0 0.931306 0.724693 0.127056 0.092062
