7 0.183861 0.685932 0.219648 0.144146
0 0.577028 0.517055 0.030296 0.020443
2 0.827102 0.598992 0.069778 0.044161
2 0.344829 0.550273 0.039880 0.033651
1 0.027116 0.593677 0.021806 0.030375
1 0.053597 0.580240 0.031157 0.031542
1 0.101884 0.567682 0.023880 0.027458
3 0.061245 0.649607 0.050194 0.050141
3 0.236926 0.522799 0.019037 0.018495
3 0.159468 0.544120 0.028565 0.025313
3 0.740329 0.551372 0.030287 0.024339
3 0.161319 0.580911 0.039472 0.039365
3 0.243866 0.568294 0.043065 0.036339
0 0.825287 0.648544 0.132796 0.079745
0 0.233208 0.882664 0.265435 0.087932
5 0.950903 0.733898 0.098194 0.207130
0 0.583519 0.495927 0.021630 0.014604
0 0.555389 0.501479 0.028556 0.016552
0 0.446352 0.503182 0.026833 0.012167
0 0.429907 0.546750 0.042407 0.022396
0 0.387505 0.572794 0.063176 0.035536
