0 0.590440 0.506818 0.036250 0.026760
0 0.644806 0.522107 0.040778 0.024214
0 0.616491 0.548867 0.047574 0.029307
0 0.695778 0.589003 0.070222 0.053516
0 0.599500 0.492164 0.027185 0.012745
1 0.035454 0.580086 0.040778 0.033130
1 0.067167 0.567979 0.027185 0.026760
1 0.106806 0.555872 0.033981 0.025484
0 0.420546 0.611302 0.086074 0.059885
0 0.488505 0.536760 0.040769 0.022937
3 0.242727 0.553964 0.024917 0.019115
3 0.229130 0.541221 0.020389 0.019109
5 0.302755 0.548867 0.108731 0.072630
2 0.951523 0.715151 0.096954 0.094292
2 0.833958 0.734263 0.165361 0.099391
2 0.460190 0.500445 0.024917 0.026755
3 0.904181 0.562245 0.033972 0.035677
3 0.167972 0.535487 0.033981 0.025484
3 0.158907 0.582633 0.061167 0.033130
