3 0.159037 0.571771 0.048463 0.019958
1 0.417361 0.522701 0.023370 0.011682
1 0.035801 0.582091 0.025102 0.021422
1 0.059602 0.571870 0.031148 0.025312
1 0.110227 0.561401 0.035491 0.025802
1 0.210616 0.539982 0.018176 0.022880
5 0.098403 0.774859 0.176750 0.219781
0 0.864051 0.845581 0.195602 0.162516
0 0.479144 0.545432 0.056491 0.027719
0 0.577403 0.504867 0.023435 0.017578
0 0.578301 0.479513 0.019231 0.010818
0 0.591227 0.492357 0.024639 0.010818
0 0.619167 0.520078 0.038463 0.021635
2 0.410866 0.544487 0.044713 0.032859
2 0.435176 0.495076 0.024519 0.023120
2 0.667653 0.562190 0.044657 0.038557
2 0.763194 0.579130 0.055037 0.038552
3 0.019167 0.645372 0.038333 0.041474
3 0.167657 0.538568 0.037259 0.035833
3 0.240370 0.515078 0.025241 0.017917
3 0.301074 0.525047 0.022833 0.022990
3 0.316398 0.498003 0.021037 0.016901
3 0.333222 0.524372 0.023444 0.019609
3 0.348551 0.513721 0.021639 0.021297
3 0.177644 0.601221 0.047602 0.047703
