3 0.018926 0.636122 0.037852 0.033641
3 0.251315 0.548404 0.028315 0.029203
3 0.236370 0.521857 0.029889 0.022120
0 0.468704 0.506154 0.035333 0.018349
0 0.582875 0.522974 0.046213 0.033635
0 0.425213 0.511505 0.040778 0.019875
0 0.459190 0.562729 0.059806 0.033635
0 0.633167 0.523737 0.027185 0.032109
0 0.604620 0.547437 0.040778 0.027521
0 0.479412 0.485578 0.022028 0.016813
3 0.119958 0.596185 0.048769 0.039818
3 0.189963 0.586896 0.034611 0.031854
3 0.167940 0.543977 0.037750 0.025661
3 0.732681 0.509469 0.018880 0.022125
3 0.812907 0.581141 0.034611 0.032740
7 0.366148 0.557250 0.097537 0.064594
2 0.094935 0.763034 0.152222 0.103974
2 0.404829 0.501568 0.032620 0.021406
