0 0.566370 0.477732 0.023500 0.009672
0 0.577782 0.483279 0.018343 0.011286
0 0.479852 0.487526 0.018167 0.014396
0 0.470769 0.501919 0.024759 0.016255
0 0.713963 0.581034 0.064093 0.038828
1 0.403718 0.594844 0.030713 0.044479
3 0.164565 0.542555 0.041611 0.021734
3 0.179130 0.581003 0.042593 0.044578
2 0.353204 0.558818 0.046222 0.037552
2 0.593037 0.495742 0.023111 0.014859
2 0.627296 0.505497 0.018981 0.020432
3 0.221727 0.559271 0.038639 0.024521
3 0.241542 0.523328 0.026750 0.019500
3 0.268787 0.527227 0.023778 0.017276
3 0.276218 0.550911 0.032694 0.030094
3 0.363889 0.513854 0.017833 0.023958
3 0.736782 0.502990 0.021787 0.018948
3 0.917083 0.652055 0.059444 0.050714
0 0.454333 0.488857 0.021500 0.009943
0 0.676986 0.689885 0.118324 0.081812
1 0.041620 0.585016 0.035667 0.021729
0 0.621523 0.582422 0.071491 0.044375
7 0.416889 0.510383 0.057056 0.035307
1 0.065398 0.578052 0.031704 0.023406
1 0.107505 0.564956 0.024769 0.023964
1 0.749463 0.550745 0.022778 0.017833
