0 0.566884 0.492799 0.027639 0.012505
0 0.590019 0.487391 0.025241 0.011833
0 0.394574 0.679534 0.123574 0.054911
0 0.600542 0.525758 0.039065 0.024339
0 0.620972 0.506995 0.034259 0.017917
0 0.657630 0.549419 0.061907 0.032453
2 0.732991 0.640266 0.091222 0.064771
2 0.866829 0.643208 0.092713 0.063927
5 0.240236 0.620919 0.174991 0.105141
3 0.877449 0.561029 0.058324 0.039536
3 0.732944 0.499336 0.026685 0.017036
3 0.354690 0.513737 0.021639 0.017443
3 0.314306 0.518401 0.027407 0.019469
3 0.364787 0.506029 0.017315 0.013391
2 0.447722 0.511302 0.036056 0.019875
2 0.443032 0.487573 0.032454 0.013792
3 0.104255 0.612516 0.057120 0.045760
0 0.499255 0.540419 0.058324 0.028599
0 0.891319 0.897917 0.217361 0.048792
3 0.204213 0.558966 0.035481 0.024339
3 0.166995 0.537305 0.037213 0.024828
3 0.239694 0.514182 0.016444 0.018500
1 0.257866 0.526206 0.013509 0.010516
1 0.034384 0.578430 0.020769 0.014599
1 0.062796 0.570492 0.028519 0.018391
1 0.109579 0.558951 0.029565 0.021130
