3 0.971282 0.604365 0.049491 0.042490
1 0.091421 0.575393 0.031398 0.026849
1 0.025477 0.592701 0.032657 0.021901
0 0.295713 0.743763 0.127519 0.103380
0 0.659514 0.550727 0.060009 0.046411
0 0.642639 0.636169 0.071259 0.056964
0 0.708273 0.727943 0.150028 0.130802
0 0.393227 0.542286 0.052509 0.042198
2 0.048171 0.827096 0.082509 0.118141
3 0.125056 0.653044 0.071259 0.073839
3 0.018773 0.639526 0.037546 0.051281
3 0.162565 0.556018 0.041667 0.030766
3 0.227676 0.525984 0.052093 0.029302
5 0.773333 0.587516 0.169296 0.099625
1 0.583204 0.559680 0.059907 0.041026
