0 0.579144 0.483232 0.023435 0.015214
3 0.352884 0.508422 0.018750 0.016635
3 0.319278 0.499458 0.012981 0.013385
3 0.343458 0.521534 0.019935 0.021734
3 0.304204 0.520831 0.021185 0.020328
3 0.240023 0.516977 0.022435 0.021026
3 0.047398 0.626388 0.044130 0.033099
3 0.175912 0.566271 0.038083 0.018010
3 0.189324 0.591094 0.042407 0.036510
3 0.171583 0.535115 0.032889 0.030667
3 0.732801 0.500552 0.021639 0.018010
3 0.854819 0.546555 0.037213 0.030182
2 0.799870 0.598154 0.060574 0.045755
2 0.685634 0.583307 0.058843 0.043323
2 0.420819 0.531219 0.031157 0.023854
0 0.633532 0.529378 0.043269 0.025016
0 0.585755 0.509091 0.027046 0.016901
0 0.599273 0.496753 0.020435 0.013182
0 0.484190 0.543573 0.053491 0.022990
0 0.875319 0.864961 0.191657 0.117495
0 0.293898 0.886763 0.226111 0.095693
1 0.036977 0.584214 0.036361 0.020448
1 0.061384 0.568440 0.029083 0.025120
1 0.106764 0.558919 0.035306 0.023370
5 0.136532 0.704784 0.269139 0.194672
