0 0.799037 0.841414 0.256241 0.158547
2 0.168292 0.693734 0.093769 0.070323
2 0.723065 0.547227 0.036463 0.032234
5 0.819440 0.623411 0.187528 0.137719
3 0.980042 0.605096 0.039917 0.042484
1 0.092597 0.569721 0.031991 0.027807
1 0.047968 0.581089 0.034157 0.022083
1 0.031611 0.587836 0.037796 0.018401
0 0.698852 0.703346 0.151981 0.087609
0 0.690685 0.568750 0.050241 0.028969
0 0.342759 0.646115 0.103000 0.060760
0 0.558171 0.504102 0.031398 0.012714
0 0.406190 0.532716 0.046472 0.023318
3 0.586060 0.546367 0.052750 0.031370
3 0.224315 0.527714 0.034667 0.026281
3 0.151963 0.551367 0.042204 0.031370
3 0.148759 0.614034 0.083352 0.052745
3 0.047181 0.619896 0.067713 0.041021
0 0.230792 0.821492 0.186898 0.140745
