2 0.387500 0.538870 0.029963 0.026479
2 0.647620 0.512016 0.030704 0.022292
3 0.939028 0.696125 0.061630 0.085969
3 0.225495 0.561266 0.034676 0.026469
3 0.161894 0.541438 0.028731 0.025635
3 0.239162 0.518870 0.020806 0.018385
3 0.247583 0.547846 0.025759 0.020620
3 0.272847 0.519427 0.016843 0.017271
3 0.296625 0.541716 0.030713 0.023964
3 0.372213 0.508148 0.021407 0.016714
3 0.763333 0.522190 0.023778 0.018057
3 0.733968 0.504536 0.021398 0.019396
1 0.108060 0.564055 0.022583 0.022068
1 0.036134 0.587122 0.028528 0.029422
1 0.065856 0.573747 0.028528 0.022734
1 0.436171 0.550680 0.024972 0.019391
1 0.795787 0.575086 0.030907 0.022734
0 0.474644 0.491195 0.020065 0.012359
7 0.431157 0.500258 0.052500 0.030651
0 0.483481 0.482193 0.021500 0.011021
0 0.564458 0.480581 0.017194 0.009943
0 0.581421 0.485552 0.020546 0.009135
0 0.645676 0.623682 0.087907 0.050521
0 0.758907 0.610112 0.094593 0.047568
0 0.346019 0.782893 0.166056 0.111703
0 0.762861 0.811781 0.236241 0.188740
2 0.602444 0.499086 0.021796 0.020620
