2 0.402736 0.562776 0.050880 0.036802
3 0.159208 0.613302 0.045694 0.045563
0 0.587750 0.487581 0.026296 0.011057
0 0.576065 0.476888 0.020444 0.009391
0 0.613833 0.511055 0.034222 0.021807
0 0.571477 0.498966 0.024620 0.017349
0 0.466806 0.552615 0.055333 0.030281
0 0.869065 0.795294 0.174981 0.162349
3 0.144671 0.586432 0.056083 0.023365
3 0.325889 0.526849 0.023889 0.021031
3 0.164398 0.536195 0.027000 0.025703
3 0.243847 0.513706 0.019731 0.018109
3 0.292653 0.523052 0.019731 0.023948
3 0.306157 0.501732 0.023889 0.019859
3 0.337829 0.516044 0.020769 0.019276
3 0.391829 0.490341 0.016620 0.016943
3 0.837861 0.537656 0.025963 0.026292
3 0.730380 0.503776 0.022852 0.023948
2 0.654046 0.546716 0.040500 0.032703
2 0.735574 0.561607 0.054000 0.035630
1 0.036148 0.578255 0.025963 0.022198
1 0.063667 0.572414 0.027000 0.028036
1 0.111440 0.557227 0.033231 0.025703
1 0.191403 0.551091 0.024917 0.018109
1 0.482181 0.492094 0.016620 0.013438
7 0.457773 0.480411 0.030120 0.015771
2 0.429218 0.499979 0.029083 0.022198
