1 0.903833 0.605034 0.078648 0.038047
2 0.948769 0.670516 0.102463 0.069906
1 0.039417 0.586453 0.039333 0.020354
1 0.057509 0.576276 0.031463 0.015927
1 0.107843 0.564773 0.031463 0.024776
7 0.314236 0.574508 0.108546 0.074328
3 0.162116 0.546190 0.039324 0.030089
2 0.388644 0.516104 0.033028 0.023010
3 0.225829 0.554596 0.034602 0.025661
3 0.169194 0.609901 0.059778 0.044240
3 0.782708 0.569198 0.044046 0.037167
3 0.236843 0.520086 0.025167 0.022120
3 0.076384 0.610344 0.053491 0.032740
0 0.442880 0.610130 0.092426 0.051990
0 0.592356 0.536456 0.047194 0.026547
0 0.610449 0.509909 0.036176 0.023005
0 0.576630 0.513008 0.037759 0.022120
0 0.411454 0.524068 0.022019 0.014156
0 0.450782 0.519201 0.037750 0.023891
0 0.468083 0.488232 0.022019 0.013276
