3 0.309204 0.532891 0.023778 0.027417
3 0.331199 0.515505 0.020213 0.023406
3 0.388856 0.495109 0.014269 0.016052
3 0.284241 0.530885 0.030907 0.020729
3 0.300884 0.506477 0.021398 0.018724
3 0.239657 0.516841 0.024963 0.019391
3 0.173681 0.538240 0.033287 0.031427
3 0.832593 0.532370 0.021407 0.024073
3 0.733444 0.506690 0.025685 0.027286
3 0.126435 0.629464 0.049926 0.041729
3 0.110009 0.594961 0.042759 0.030495
1 0.114949 0.559549 0.027250 0.020432
1 0.062116 0.570464 0.033843 0.021823
1 0.040569 0.581701 0.037972 0.020901
1 0.939528 0.707305 0.066759 0.066443
1 0.384875 0.560453 0.032528 0.019260
1 0.476801 0.494977 0.013694 0.016370
7 0.451958 0.482424 0.024769 0.017276
0 0.459708 0.568083 0.076917 0.046594
0 0.799898 0.875083 0.224815 0.084865
0 0.858324 0.755815 0.147907 0.126464
0 0.566796 0.493544 0.018574 0.013932
0 0.577111 0.483870 0.018574 0.013156
0 0.601194 0.503995 0.030963 0.017802
2 0.400940 0.591146 0.062417 0.045135
2 0.641185 0.531797 0.031704 0.026750
2 0.713005 0.544057 0.040620 0.024521
2 0.424222 0.504771 0.023778 0.017271
