3 0.730491 0.500430 0.024519 0.017443
0 0.581352 0.484984 0.019444 0.011781
0 0.460972 0.556904 0.053833 0.029443
0 0.567148 0.493818 0.026926 0.021031
0 0.851458 0.784190 0.175713 0.152620
7 0.455764 0.480763 0.028843 0.020286
1 0.481907 0.495302 0.009019 0.007437
2 0.429019 0.500034 0.028241 0.017578
0 0.385449 0.477044 0.021639 0.012172
3 0.835171 0.539956 0.030046 0.027609
0 0.605282 0.507695 0.031398 0.018505
2 0.402648 0.573307 0.041870 0.035333
2 0.642667 0.535456 0.031407 0.028599
2 0.727162 0.550177 0.038880 0.031125
1 0.975736 0.728503 0.048528 0.046266
1 0.036273 0.581719 0.029917 0.023552
1 0.070694 0.572469 0.029907 0.023552
1 0.111792 0.561951 0.022435 0.026078
1 0.388542 0.554443 0.024231 0.012656
3 0.165269 0.536185 0.025963 0.020932
3 0.240560 0.516471 0.020769 0.022391
3 0.289019 0.527911 0.025963 0.021906
3 0.321042 0.532047 0.027694 0.023365
3 0.143634 0.621617 0.046731 0.043807
3 0.125458 0.593141 0.043269 0.022875
3 0.298153 0.505096 0.016583 0.017036
3 0.336731 0.515846 0.024519 0.020693
3 0.394426 0.495359 0.023074 0.019469
