3 0.624106 0.539482 0.063306 0.024422
3 0.162875 0.609174 0.066917 0.039682
3 0.073347 0.614771 0.057880 0.048833
0 0.708208 0.577125 0.068731 0.030521
3 0.228898 0.525237 0.032556 0.026453
3 0.154736 0.548133 0.032565 0.029505
0 0.366356 0.628505 0.101287 0.064094
0 0.417005 0.529818 0.050639 0.039677
0 0.859236 0.880823 0.255028 0.090552
0 0.730815 0.751102 0.164593 0.109880
0 0.294009 0.729740 0.137463 0.077323
2 0.737477 0.550344 0.053843 0.024396
5 0.846639 0.636565 0.206370 0.137953
1 0.622329 0.563802 0.053843 0.027760
1 0.051824 0.583570 0.037389 0.021870
1 0.015069 0.595346 0.030139 0.033651
1 0.098931 0.571372 0.032898 0.029443
2 0.220755 0.646313 0.085009 0.065115
0 0.559889 0.506924 0.032556 0.022380
