1 0.650157 0.565141 0.043926 0.027615
1 0.020069 0.594747 0.033176 0.020286
1 0.049634 0.580956 0.028843 0.016224
1 0.092546 0.569393 0.028130 0.023120
3 0.103722 0.607727 0.049037 0.040568
3 0.181245 0.595964 0.046880 0.036510
3 0.157088 0.550937 0.040380 0.029208
0 0.375213 0.596974 0.090444 0.050875
0 0.328694 0.671104 0.095611 0.077042
0 0.721477 0.591885 0.080102 0.046510
0 0.792542 0.829542 0.196398 0.178792
2 0.263079 0.614904 0.077269 0.054672
2 0.752208 0.559177 0.056083 0.028740
0 0.426329 0.520622 0.037380 0.024536
0 0.561542 0.509406 0.026176 0.023135
5 0.885815 0.657326 0.228370 0.163526
7 0.029329 0.849164 0.058657 0.168609
