2 0.421056 0.512294 0.033685 0.023401
1 0.105537 0.557508 0.017333 0.020432
1 0.065912 0.570740 0.038806 0.020896
1 0.039083 0.582815 0.031370 0.018109
1 0.131380 0.576362 0.033019 0.026005
1 0.890227 0.634792 0.049639 0.050073
1 0.351838 0.595313 0.041083 0.030812
3 0.325801 0.520867 0.026417 0.014859
3 0.298968 0.536888 0.027250 0.018109
3 0.275028 0.531547 0.023944 0.017646
3 0.238699 0.515992 0.020639 0.018109
3 0.289060 0.509953 0.024769 0.017646
3 0.814926 0.531555 0.026148 0.022734
3 0.729926 0.501461 0.024963 0.017391
3 0.167023 0.538909 0.040417 0.026745
3 0.074852 0.610047 0.046222 0.024073
3 0.095394 0.648081 0.063343 0.057776
3 0.968394 0.823336 0.063213 0.129036
0 0.838819 0.700893 0.130157 0.104828
0 0.593315 0.496437 0.024648 0.015479
0 0.567509 0.488049 0.017759 0.012901
0 0.752565 0.832651 0.183407 0.159740
0 0.453792 0.577234 0.065083 0.038271
7 0.445028 0.486326 0.032685 0.027307
2 0.689032 0.529846 0.030713 0.033995
2 0.625625 0.519539 0.026750 0.024516
2 0.370819 0.646206 0.073954 0.062401
1 0.470852 0.505727 0.016519 0.012536
