1 0.055255 0.579016 0.033231 0.022781
7 0.278611 0.610831 0.150741 0.090849
0 0.917866 0.713258 0.160213 0.082849
0 0.395884 0.679826 0.103361 0.065411
0 0.447565 0.533018 0.046519 0.030526
0 0.399759 0.543193 0.038759 0.024708
0 0.569412 0.507807 0.028046 0.016937
0 0.460681 0.495130 0.018694 0.015187
0 0.603995 0.505060 0.029083 0.017526
0 0.585819 0.526966 0.034269 0.019276
3 0.034329 0.628573 0.055324 0.045427
3 0.132278 0.629836 0.047852 0.054672
3 0.162190 0.549083 0.032898 0.031125
3 0.284810 0.549503 0.038880 0.028599
3 0.204056 0.565906 0.035889 0.022708
3 0.778301 0.562961 0.041880 0.028599
2 0.376782 0.530997 0.031398 0.025234
2 0.895694 0.634039 0.085241 0.056359
1 0.811792 0.596052 0.043065 0.026646
1 0.040722 0.591281 0.039463 0.016937
1 0.102509 0.569667 0.036352 0.029792
