0 0.623352 0.511680 0.031463 0.021234
7 0.322102 0.573620 0.111685 0.070792
0 0.598181 0.532917 0.040898 0.023010
0 0.575370 0.517432 0.033037 0.023896
0 0.447162 0.596630 0.066065 0.033625
0 0.453454 0.515219 0.034611 0.015927
0 0.419634 0.525396 0.036176 0.023896
1 0.111310 0.566542 0.045620 0.023010
1 0.059394 0.574065 0.033028 0.023891
1 0.029505 0.586893 0.036176 0.026547
1 0.926958 0.614768 0.050343 0.043359
0 0.469972 0.488672 0.026741 0.015927
1 0.650880 0.509911 0.017296 0.028313
2 0.955616 0.680247 0.088769 0.064599
2 0.393676 0.512122 0.031463 0.018578
3 0.792458 0.569638 0.045620 0.041589
3 0.228505 0.556365 0.044046 0.030969
3 0.237153 0.521414 0.017306 0.019464
3 0.171088 0.597956 0.045620 0.039818
3 0.082991 0.610341 0.058204 0.043359
3 0.158500 0.544419 0.029889 0.023005
