0 0.562296 0.512958 0.028426 0.023260
0 0.427926 0.512232 0.028426 0.024714
0 0.347824 0.637966 0.095611 0.055234
2 0.287093 0.597263 0.056852 0.046516
2 0.774194 0.562380 0.085278 0.040698
7 0.094083 0.810089 0.188167 0.164740
1 0.098370 0.569365 0.032556 0.020281
1 0.053301 0.584859 0.030546 0.024229
1 0.030014 0.592409 0.029046 0.023099
1 0.670708 0.565206 0.036139 0.019630
3 0.675069 0.547680 0.039880 0.021026
3 0.156653 0.549081 0.032398 0.032245
3 0.198403 0.593594 0.046102 0.049771
3 0.112412 0.600604 0.053583 0.045563
5 0.896727 0.685773 0.206546 0.187859
0 0.747060 0.606714 0.077528 0.050875
0 0.832333 0.863263 0.253241 0.159891
0 0.395625 0.585635 0.067194 0.034885
