0 0.780074 0.655276 0.124241 0.088187
3 0.786319 0.526615 0.024769 0.022292
1 0.457144 0.526484 0.020639 0.028792
1 0.105458 0.559781 0.026417 0.026938
1 0.062528 0.570927 0.031370 0.021365
1 0.041472 0.583000 0.035500 0.023219
1 0.047255 0.615740 0.037157 0.019969
1 0.232528 0.716984 0.063000 0.067542
7 0.438588 0.491063 0.039620 0.025635
0 0.423736 0.653909 0.123250 0.089651
0 0.685417 0.697706 0.136074 0.103161
0 0.480097 0.483901 0.029713 0.013469
0 0.564306 0.482508 0.016519 0.011609
0 0.491241 0.476008 0.014037 0.006964
0 0.585361 0.488776 0.025593 0.016719
2 0.406787 0.520542 0.032685 0.022292
2 0.612523 0.507560 0.020639 0.020318
3 0.166741 0.540487 0.038519 0.026703
3 0.241731 0.518430 0.023389 0.021286
3 0.021755 0.692513 0.043509 0.066870
3 0.026981 0.642224 0.043981 0.034104
3 0.952472 0.745872 0.083222 0.103651
3 0.732542 0.504138 0.026157 0.025411
3 0.283694 0.514945 0.019259 0.021286
3 0.267528 0.549969 0.036463 0.020896
3 0.308463 0.532167 0.028889 0.023219
3 0.377259 0.501786 0.020648 0.018187
2 0.166208 0.849904 0.202139 0.138661
1 0.835852 0.601635 0.047556 0.020062
2 0.666014 0.516750 0.024083 0.022250
