0 0.429292 0.558141 0.059806 0.058104
0 0.080088 0.829547 0.160176 0.145260
0 0.785389 0.680466 0.163093 0.097859
0 0.646755 0.605544 0.097861 0.070339
0 0.491810 0.538266 0.043491 0.042812
0 0.632921 0.532008 0.062528 0.025891
0 0.711995 0.569609 0.070676 0.044344
5 0.372255 0.519159 0.081935 0.049161
5 0.606579 0.482289 0.050250 0.028266
3 0.215491 0.560635 0.032778 0.032573
3 0.164690 0.538206 0.036046 0.025807
3 0.968171 0.589211 0.058991 0.044245
3 0.241981 0.513430 0.022000 0.019203
3 0.257907 0.531992 0.022000 0.021339
3 0.277255 0.542875 0.030343 0.023469
2 0.475796 0.489516 0.019667 0.017698
1 0.110046 0.559565 0.035389 0.023599
1 0.063509 0.570258 0.028833 0.019911
1 0.040569 0.579107 0.027528 0.022859
