0 0.561319 0.506266 0.038880 0.020187
7 0.230157 0.655042 0.165815 0.128396
0 0.859468 0.671539 0.139546 0.074130
0 0.312935 0.797273 0.183463 0.113380
0 0.436968 0.539268 0.054269 0.024714
0 0.394333 0.565430 0.051685 0.036339
0 0.583000 0.523930 0.040370 0.025234
0 0.455139 0.500380 0.029907 0.023552
2 0.358236 0.540922 0.032898 0.022708
2 0.845000 0.612844 0.073278 0.042062
3 0.019106 0.646070 0.038213 0.056359
3 0.091306 0.646070 0.058315 0.049630
3 0.184769 0.575833 0.038889 0.030281
3 0.159347 0.544706 0.032898 0.018505
3 0.260287 0.561531 0.043370 0.028604
3 0.758264 0.555221 0.031398 0.022714
0 0.590778 0.503911 0.025426 0.019344
1 0.030741 0.590130 0.047852 0.023552
1 0.058403 0.582141 0.034398 0.026073
1 0.100278 0.570365 0.025426 0.024396
1 0.759009 0.582562 0.029907 0.020187
