0 0.459190 0.569609 0.054361 0.044344
0 0.475477 0.484516 0.022028 0.012385
0 0.425926 0.515484 0.026741 0.015927
0 0.457389 0.512831 0.029889 0.023005
0 0.631218 0.515484 0.037750 0.021240
2 0.403120 0.508849 0.031463 0.020354
7 0.347273 0.562385 0.099102 0.067250
3 0.020069 0.650870 0.039324 0.054865
3 0.813694 0.585388 0.053481 0.040703
3 0.166366 0.549552 0.036176 0.032740
3 0.243444 0.555747 0.036185 0.036276
3 0.184458 0.596451 0.044046 0.048672
3 0.114454 0.600875 0.048759 0.043354
0 0.603685 0.541589 0.039333 0.027427
2 0.052907 0.828021 0.105815 0.145260
2 0.979681 0.713341 0.040639 0.093276
0 0.581519 0.519914 0.038056 0.018349
