1 0.029458 0.587453 0.034454 0.016958
7 0.269995 0.622339 0.150731 0.101750
0 0.455935 0.492289 0.034111 0.024422
3 0.777769 0.559591 0.071056 0.036339
3 0.197426 0.568677 0.034463 0.025437
3 0.272792 0.555352 0.034454 0.027859
3 0.157588 0.545664 0.032306 0.023016
3 0.122056 0.636508 0.051685 0.044818
3 0.027648 0.637115 0.055296 0.046031
0 0.596880 0.502057 0.023685 0.023010
2 0.369699 0.537789 0.043065 0.031495
2 0.869287 0.627427 0.090444 0.046031
0 0.582884 0.526888 0.034454 0.021807
0 0.565657 0.506901 0.030148 0.020594
0 0.438606 0.535974 0.043065 0.020594
0 0.399843 0.548693 0.038759 0.029073
0 0.371861 0.714638 0.155019 0.077526
0 0.902667 0.696469 0.157204 0.077521
1 0.100523 0.569284 0.025843 0.029068
1 0.060685 0.577760 0.028000 0.016958
1 0.788537 0.592904 0.036611 0.023016
