3 0.265958 0.526591 0.029954 0.021661
3 0.361537 0.517365 0.027111 0.022469
3 0.274514 0.553474 0.029954 0.028885
3 0.896838 0.641221 0.055880 0.044130
2 0.336426 0.571026 0.057519 0.047375
2 0.593213 0.492969 0.014259 0.018458
2 0.624741 0.502518 0.025685 0.016849
3 0.164671 0.542240 0.029954 0.020865
3 0.160319 0.581961 0.035528 0.032901
3 0.240278 0.521776 0.024259 0.021667
0 0.702773 0.570888 0.064194 0.036911
0 0.663542 0.657953 0.099861 0.071417
0 0.613616 0.569685 0.065620 0.034505
0 0.479458 0.490534 0.020065 0.010641
1 0.043106 0.588917 0.036657 0.023958
7 0.412606 0.513190 0.059917 0.042526
0 0.449699 0.489500 0.020639 0.008708
0 0.473153 0.505206 0.030380 0.012255
1 0.062426 0.578609 0.029722 0.016719
1 0.107505 0.565792 0.034676 0.017833
1 0.395296 0.618172 0.033685 0.026750
1 0.739060 0.546008 0.025750 0.021734
3 0.213889 0.559893 0.048500 0.030495
