1 0.109731 0.565216 0.034611 0.022120
1 0.040514 0.584680 0.040898 0.025661
1 0.061755 0.577602 0.033028 0.022120
3 0.055463 0.625385 0.067648 0.048667
3 0.147491 0.591760 0.056630 0.046896
3 0.169509 0.545305 0.034611 0.026547
3 0.211199 0.582513 0.039324 0.031943
3 0.241870 0.522297 0.028315 0.017698
3 0.257602 0.546633 0.034611 0.030974
3 0.826278 0.602823 0.051907 0.053094
3 0.731894 0.507255 0.023602 0.017698
2 0.181310 0.686008 0.127417 0.083161
2 0.416486 0.501505 0.018880 0.015042
0 0.433005 0.506812 0.026750 0.015042
0 0.467616 0.544865 0.048769 0.034510
0 0.466042 0.503318 0.023602 0.013365
0 0.588741 0.530703 0.033037 0.016812
0 0.644588 0.527164 0.040898 0.022120
0 0.613125 0.562117 0.050343 0.037161
7 0.372440 0.543536 0.078657 0.051323
