9 0.401484 0.459972 0.108500 0.174278
0 0.664883 0.456486 0.088891 0.130139
0 0.009562 0.285681 0.019125 0.062750
0 0.516516 0.509944 0.116344 0.162667
0 0.110633 0.503014 0.172547 0.241583
0 0.270078 0.586625 0.248281 0.223083
0 0.074680 0.282194 0.040516 0.051111
0 0.157031 0.290333 0.061437 0.039500
0 0.777984 0.414653 0.095344 0.120861
0 0.573375 0.406514 0.086281 0.104583
0 0.330242 0.420458 0.049672 0.090639
0 0.246570 0.403028 0.088891 0.111556
0 0.668141 0.363528 0.108500 0.065056
0 0.428930 0.364694 0.074516 0.090611
0 0.332195 0.347264 0.064047 0.069694
0 0.264227 0.319375 0.064047 0.069694
5 0.460953 0.303111 0.107188 0.139444
