0 0.175810 0.299990 0.040516 0.069604
6 0.058427 0.242448 0.049671 0.083521
5 0.848621 0.298146 0.050974 0.074250
1 0.745352 0.312063 0.022230 0.069625
0 0.332283 0.261021 0.019613 0.051042
0 0.691626 0.283531 0.030059 0.055688
0 0.877899 0.389094 0.078427 0.136896
0 0.619079 0.256844 0.026138 0.048729
0 0.747183 0.280042 0.023521 0.048708
0 0.725610 0.292802 0.030070 0.055687
0 0.789665 0.300927 0.030059 0.048729
0 0.655023 0.264958 0.022230 0.037125
0 0.609272 0.309052 0.040516 0.078896
0 0.675288 0.331094 0.052289 0.076563
0 0.967447 0.426219 0.064049 0.150813
0 0.549143 0.288156 0.032676 0.055688
0 0.515153 0.304406 0.045751 0.078896
0 0.726919 0.416938 0.084965 0.118333
0 0.580575 0.347354 0.053638 0.090542
0 0.441168 0.238500 0.027453 0.044083
0 0.274531 0.253542 0.034038 0.060417
0 0.368621 0.252437 0.036608 0.044083
0 0.013721 0.337010 0.027441 0.111604
0 0.305217 0.280281 0.035293 0.076563
0 0.213715 0.261708 0.043134 0.090500
0 0.089536 0.357990 0.045763 0.111396
0 0.850323 0.580750 0.139871 0.222750
0 0.652923 0.527396 0.129390 0.157750
0 0.511755 0.457771 0.105880 0.171708
0 0.306526 0.557542 0.226150 0.259875
