0 0.635656 0.907875 0.345313 0.184250
0 0.838180 0.481250 0.131047 0.310056
0 0.616602 0.423597 0.104578 0.180083
8 0.797945 0.359444 0.092547 0.183889
0 0.147648 0.776111 0.290953 0.331056
0 0.446117 0.447611 0.118734 0.162667
5 0.035969 0.227903 0.071938 0.110583
0 0.323570 0.513556 0.167766 0.247667
0 0.584422 0.251153 0.040219 0.067583
0 0.950477 0.280292 0.042484 0.071639
0 0.896555 0.281069 0.041391 0.069694
0 0.829016 0.262667 0.052281 0.067778
5 0.719539 0.201681 0.035953 0.061972
0 0.724437 0.294625 0.052281 0.096806
0 0.635656 0.293750 0.062094 0.059833
