0 0.908539 0.591986 0.126359 0.168306
0 0.300695 0.379931 0.067547 0.092750
0 0.152539 0.375194 0.080609 0.110389
0 0.740781 0.469875 0.067531 0.129750
0 0.468453 0.413722 0.045750 0.087167
0 0.526180 0.461264 0.074078 0.100528
0 0.925117 0.406486 0.053328 0.092028
9 0.373141 0.460500 0.092594 0.096833
0 0.442852 0.370236 0.079516 0.054417
0 0.929234 0.354653 0.052281 0.050361
0 0.844266 0.343028 0.056656 0.069722
9 0.882937 0.461361 0.068625 0.092944
0 0.611695 0.433278 0.094766 0.110389
0 0.806688 0.358625 0.046844 0.050139
0 0.661805 0.395431 0.064266 0.093139
0 0.803414 0.424472 0.057734 0.073778
0 0.784352 0.451486 0.043578 0.089083
0 0.957555 0.446736 0.058828 0.071472
0 0.958078 0.773056 0.083844 0.228722
