6 0.970194 0.722021 0.059613 0.524458
0 0.525205 0.394469 0.014378 0.033563
0 0.016097 0.416625 0.027993 0.059083
9 0.262388 0.463167 0.059918 0.083792
0 0.300628 0.444083 0.044660 0.085083
0 0.525569 0.499188 0.054472 0.106333
0 0.455857 0.436344 0.021784 0.050271
0 0.526661 0.430552 0.026138 0.034813
0 0.196614 0.904760 0.320223 0.190479
0 0.424266 0.422823 0.030505 0.050271
0 0.489079 0.448927 0.031585 0.059938
0 0.426444 0.488552 0.047934 0.096687
0 0.387230 0.464396 0.023967 0.071542
0 0.509777 0.398646 0.016338 0.029000
0 0.630687 0.501125 0.046843 0.110208
0 0.580581 0.459552 0.029401 0.069604
0 0.541913 0.418948 0.021784 0.038687
0 0.590381 0.407344 0.025059 0.034813
0 0.939513 0.446021 0.028322 0.065750
0 0.904108 0.441187 0.029413 0.067667
0 0.459120 0.403479 0.026150 0.038667
0 0.480364 0.402521 0.025047 0.029000
9 0.042482 0.528417 0.082148 0.136958
0 0.169272 0.624021 0.165587 0.206875
0 0.635047 0.439250 0.053380 0.063792
0 0.365440 0.423781 0.032688 0.090896
