0 0.406810 0.634872 0.035269 0.014005
8 0.320472 0.621893 0.019333 0.008953
0 0.475986 0.634435 0.016787 0.006849
0 0.493426 0.635732 0.021389 0.006849
0 0.507407 0.634344 0.015130 0.007771
0 0.551477 0.640539 0.032972 0.015349
0 0.623685 0.639901 0.042074 0.014708
0 0.759565 0.645656 0.095519 0.042219
0 0.431431 0.631008 0.012639 0.006661
0 0.375167 0.627456 0.019352 0.009328
0 0.301139 0.622789 0.013426 0.006661
0 0.281787 0.620237 0.013426 0.005995
0 0.353250 0.631784 0.019741 0.009995
0 0.291662 0.631008 0.022898 0.013328
0 0.262231 0.625479 0.012611 0.007250
0 0.324995 0.633555 0.024565 0.015734
0 0.158523 0.632021 0.060046 0.026479
0 0.073671 0.628951 0.115120 0.037995
