0 0.746316 0.609868 0.135070 0.195597
6 0.577469 0.543049 0.039219 0.085208
5 0.592176 0.510125 0.033773 0.027111
0 0.137668 0.539646 0.094117 0.104569
0 0.525453 0.567083 0.059500 0.099167
0 0.332539 0.589611 0.162266 0.176611
0 0.461852 0.550097 0.041828 0.074361
0 0.891176 0.605993 0.122039 0.160736
0 0.387539 0.541243 0.016641 0.029569
0 0.409426 0.540854 0.016633 0.022569
0 0.492605 0.549799 0.020133 0.028014
0 0.609711 0.566924 0.046844 0.068486
0 0.627035 0.528528 0.033773 0.052278
0 0.671152 0.547889 0.032680 0.083278
