0 0.502612 0.409979 0.026444 0.035208
0 0.478815 0.448677 0.015845 0.061104
0 0.449712 0.428750 0.021162 0.049292
0 0.193809 0.399063 0.030411 0.037333
0 0.131502 0.619458 0.148920 0.222375
9 0.210452 0.497729 0.094120 0.125292
0 0.145393 0.316281 0.020692 0.030938
0 0.771761 0.509635 0.053380 0.073479
0 0.737447 0.491260 0.030505 0.056062
0 0.722735 0.486438 0.040305 0.061875
0 0.697136 0.454531 0.037042 0.063812
0 0.669906 0.447760 0.021784 0.046396
0 0.654654 0.437125 0.023955 0.052208
0 0.620340 0.474833 0.042488 0.065750
0 0.593656 0.419729 0.030505 0.048333
0 0.424261 0.441958 0.031596 0.058000
0 0.393762 0.419729 0.027242 0.048333
0 0.364894 0.409094 0.030493 0.050271
0 0.338210 0.430354 0.033768 0.046417
0 0.113257 0.335615 0.015246 0.030938
0 0.137224 0.360750 0.015246 0.042542
0 0.074043 0.399417 0.015246 0.034792
0 0.056614 0.404260 0.019613 0.040604
0 0.020123 0.401354 0.018509 0.038667
0 0.093104 0.390719 0.025059 0.044479
0 0.162277 0.353979 0.021784 0.052208
0 0.410646 0.581167 0.084977 0.119875
0 0.268486 0.458396 0.053380 0.087000
0 0.364349 0.476760 0.062101 0.112146
0 0.557705 0.515469 0.071890 0.115938
0 0.714020 0.589875 0.114378 0.160500
0 0.831667 0.559896 0.072981 0.100542
0 0.966203 0.617906 0.054472 0.112146
0 0.885047 0.774531 0.147066 0.232021
0 0.036479 0.528000 0.072958 0.148875
0 0.312717 0.678427 0.152500 0.235896
0 0.614454 0.845979 0.281045 0.308042
0 0.126332 0.318208 0.015246 0.027083
0 0.500698 0.461292 0.046467 0.077333
8 0.545012 0.403729 0.028568 0.061958
0 0.517864 0.386542 0.015423 0.039125
0 0.468275 0.406104 0.022042 0.043042
