0 0.626844 0.318667 0.061437 0.095278
0 0.049062 0.254764 0.056219 0.088306
0 0.034031 0.319847 0.067969 0.074361
0 0.690891 0.341917 0.069281 0.123167
0 0.849250 0.319167 0.103000 0.084500
0 0.966875 0.316819 0.066250 0.089194
0 0.303312 0.278014 0.031375 0.046472
8 0.802008 0.582444 0.233984 0.381111
5 0.713828 0.280306 0.096719 0.139389
0 0.492195 0.255931 0.048359 0.058083
0 0.535336 0.264069 0.056203 0.065083
0 0.385008 0.267556 0.040516 0.053444
0 0.408484 0.289653 0.043125 0.060361
0 0.352328 0.309389 0.053594 0.081333
0 0.458836 0.305903 0.052359 0.092917
0 0.588281 0.296611 0.047063 0.083667
