0 0.698191 0.555681 0.033992 0.062750
0 0.526945 0.545222 0.015687 0.027889
0 0.518449 0.534764 0.009148 0.020917
0 0.128258 0.573104 0.091500 0.125486
0 0.241980 0.545222 0.099352 0.106889
0 0.816492 0.563812 0.071891 0.097597
0 0.432180 0.556840 0.053594 0.120847
0 0.353094 0.548701 0.049672 0.044153
0 0.985773 0.534764 0.023531 0.076694
0 0.956363 0.538250 0.032680 0.055778
0 0.582504 0.540569 0.030070 0.041833
0 0.751785 0.560326 0.044445 0.067403
0 0.558977 0.566139 0.045750 0.088306
0 0.932832 0.535924 0.040523 0.069708
0 0.664203 0.551035 0.031375 0.044153
