0 0.456937 0.486021 0.014531 0.027431
0 0.784188 0.508618 0.029953 0.040347
1 0.483719 0.491667 0.017250 0.054861
1 0.808695 0.506194 0.028141 0.061333
1 0.499602 0.484410 0.012703 0.043569
1 0.963020 0.521528 0.026320 0.069389
0 0.427535 0.479889 0.008758 0.013611
0 0.520719 0.498701 0.029406 0.131681
0 0.592070 0.538403 0.115469 0.226583
0 0.957051 0.642597 0.085898 0.218833
0 0.410391 0.477292 0.010219 0.018806
0 0.666687 0.515160 0.033766 0.098764
0 0.735313 0.491931 0.062094 0.067778
0 0.229090 0.477146 0.041758 0.038736
0 0.466922 0.486021 0.007266 0.024208
