2 0.391627 0.524448 0.030495 0.057729
2 0.243479 0.523490 0.030495 0.059646
2 0.326810 0.537917 0.031592 0.084667
2 0.415047 0.526375 0.033774 0.038500
2 0.275071 0.529260 0.058821 0.071187
1 0.056073 0.558083 0.056722 0.136542
4 0.345336 0.554271 0.027229 0.082750
4 0.367123 0.526375 0.022877 0.061583
1 0.102960 0.523479 0.032689 0.051958
1 0.941191 0.621635 0.099127 0.213604
1 0.732046 0.546583 0.042488 0.059667
1 0.025336 0.553312 0.050672 0.103917
1 0.494794 0.683792 0.125271 0.371417
0 0.454835 0.638927 0.350708 0.255896
0 0.055295 0.759219 0.110590 0.408021
1 0.225507 0.578333 0.062099 0.130875
