0 0.216461 0.409042 0.027453 0.060333
5 0.668099 0.391646 0.020915 0.034792
1 0.675288 0.583094 0.056209 0.134521
9 0.822365 0.649208 0.138603 0.229667
0 0.504043 0.536667 0.071890 0.139208
0 0.400775 0.429927 0.032676 0.064979
0 0.273322 0.467052 0.041831 0.064979
0 0.339707 0.585396 0.112981 0.162417
0 0.444572 0.411365 0.018298 0.046396
0 0.466790 0.426448 0.020904 0.039438
0 0.473979 0.449615 0.035305 0.048813
0 0.622347 0.486781 0.049671 0.090479
0 0.655681 0.472854 0.030070 0.071917
0 0.741297 0.522750 0.073204 0.111375
0 0.523650 0.443854 0.037911 0.083542
0 0.593586 0.418333 0.013063 0.046417
0 0.653063 0.419490 0.022230 0.030146
0 0.717770 0.414844 0.020915 0.039438
0 0.569401 0.431083 0.030070 0.067292
0 0.500123 0.418333 0.019613 0.037125
5 0.113192 0.406729 0.053592 0.088167
