0 0.540059 0.559052 0.032371 0.040562
0 0.572435 0.619906 0.032383 0.067604
0 0.616238 0.658771 0.055223 0.131833
6 0.694126 0.555000 0.039988 0.064208
0 0.704601 0.590490 0.026667 0.040563
0 0.728404 0.610771 0.032371 0.054083
0 0.760047 0.620073 0.052371 0.073229
0 0.787025 0.646875 0.049190 0.081667
0 0.811626 0.658094 0.028556 0.076062
0 0.848122 0.693312 0.057136 0.101417
0 0.676731 0.639781 0.044425 0.095771
0 0.945722 0.915844 0.103157 0.157729
0 0.948104 0.749656 0.092054 0.118313
0 0.306168 0.618656 0.046021 0.081687
0 0.347430 0.586260 0.042840 0.067604
0 0.419953 0.608802 0.047606 0.076062
0 0.466461 0.728521 0.084096 0.166208
0 0.181590 0.636979 0.057124 0.084500
0 0.095898 0.725708 0.098392 0.177458
0 0.285563 0.691865 0.080986 0.132479
0 0.781467 0.765135 0.104742 0.154938
0 0.632295 0.887500 0.212664 0.225000
0 0.368063 0.765135 0.099977 0.183104
0 0.469595 0.582719 0.036185 0.060854
0 0.395323 0.572583 0.036185 0.054083
0 0.416273 0.553990 0.024754 0.037187
0 0.497207 0.572573 0.015235 0.040562
0 0.152518 0.472865 0.022852 0.037187
0 0.120141 0.477938 0.026667 0.054083
0 0.077295 0.515115 0.039988 0.047313
0 0.180452 0.465604 0.022477 0.039917
0 0.645957 0.577094 0.030387 0.051688
0 0.109701 0.570104 0.044965 0.046875
0 0.014513 0.591198 0.029026 0.051646
0 0.026385 0.565375 0.023803 0.037542
0 0.209548 0.466781 0.027782 0.056354
8 0.593069 0.557156 0.046279 0.072771
0 0.526725 0.606177 0.039977 0.067854
