2 0.783243 0.548510 0.034858 0.075063
1 0.754917 0.642802 0.056651 0.240562
0 0.197565 0.592375 0.117064 0.106500
0 0.332913 0.773135 0.447665 0.376437
0 0.165902 0.568375 0.054894 0.060042
1 0.077901 0.572563 0.046840 0.096208
2 0.879104 0.570635 0.047925 0.088521
2 0.828992 0.566792 0.043573 0.092375
1 0.594245 0.600469 0.079528 0.121229
4 0.129646 0.565823 0.021792 0.078896
4 0.501108 0.560052 0.041392 0.067354
1 0.719534 0.596615 0.020672 0.109687
2 0.937930 0.582187 0.061002 0.103917
1 0.540324 0.570635 0.019611 0.069271
1 0.986910 0.618750 0.026179 0.134708
5 0.341521 0.519635 0.118726 0.048104
