0 0.680867 0.457403 0.069703 0.054028
0 0.764742 0.556153 0.080609 0.108639
0 0.896555 0.594014 0.063172 0.087139
0 0.228797 0.487417 0.089312 0.117944
0 0.317039 0.475792 0.089328 0.098972
0 0.025094 0.497194 0.047938 0.122000
0 0.147102 0.443736 0.089328 0.089083
0 0.885117 0.524111 0.059922 0.087167
0 0.904719 0.481694 0.038125 0.056167
0 0.765289 0.485569 0.057734 0.067806
0 0.573570 0.483444 0.086047 0.083278
0 0.646016 0.523333 0.069719 0.104556
0 0.637297 0.436000 0.039219 0.065833
0 0.936859 0.457389 0.054469 0.092778
9 0.949367 0.687944 0.101266 0.162667
0 0.598234 0.585847 0.099906 0.160750
9 0.881844 0.840222 0.177563 0.255444
