0 0.929648 0.549250 0.019609 0.052278
6 0.585770 0.531972 0.036602 0.090639
0 0.351727 0.543472 0.023609 0.030667
0 0.723770 0.560868 0.047930 0.075514
0 0.617559 0.565708 0.040305 0.073583
0 0.533137 0.542472 0.017430 0.034861
0 0.554375 0.556993 0.038125 0.071653
0 0.497188 0.557965 0.043578 0.073597
0 0.036949 0.546340 0.031586 0.038736
0 0.867016 0.547312 0.027234 0.048403
0 0.884441 0.538597 0.016336 0.038722
0 0.900781 0.551181 0.027234 0.048417
0 0.948711 0.546347 0.018516 0.046472
0 0.983344 0.552153 0.033313 0.065833
0 0.973539 0.637361 0.052922 0.151056
