0 0.148972 0.606156 0.025926 0.016885
0 0.179264 0.630180 0.079139 0.025714
0 0.407144 0.627299 0.023194 0.008443
0 0.431366 0.625380 0.014324 0.005375
0 0.447398 0.622695 0.016370 0.008443
0 0.335167 0.626151 0.012963 0.012281
0 0.622727 0.635078 0.044065 0.015458
0 0.499065 0.631612 0.026056 0.014922
0 0.533176 0.630547 0.018481 0.010125
0 0.550000 0.629081 0.015167 0.007193
0 0.565634 0.629612 0.014213 0.009328
0 0.582926 0.633211 0.023222 0.009057
0 0.501431 0.621484 0.010898 0.005333
6 0.241273 0.621638 0.041509 0.024307
8 0.521968 0.624802 0.012824 0.009604
0 0.282287 0.628836 0.046389 0.017651
