0 0.702656 0.230917 0.032688 0.065833
0 0.666711 0.252208 0.043578 0.061972
0 0.565937 0.191111 0.038125 0.059833
0 0.110062 0.483625 0.217875 0.211083
0 0.153633 0.337319 0.082797 0.093139
0 0.261477 0.287069 0.071891 0.162694
0 0.332828 0.285042 0.051187 0.096639
0 0.038711 0.303431 0.066453 0.052083
0 0.094812 0.281250 0.054469 0.081333
0 0.570852 0.293750 0.065359 0.098556
0 0.181953 0.245347 0.067531 0.094694
9 0.415039 0.726556 0.620859 0.391444
0 0.830625 0.630694 0.338750 0.339167
0 0.473898 0.389514 0.128547 0.162694
0 0.754398 0.296750 0.075172 0.112333
0 0.696656 0.378958 0.107844 0.176417
5 0.043609 0.177458 0.082781 0.087139
0 0.122586 0.228875 0.042484 0.066028
