0 0.270188 0.204569 0.061000 0.102639
0 0.660172 0.170778 0.037031 0.069889
9 0.701594 0.324736 0.126312 0.176028
8 0.388352 0.521292 0.645766 0.511472
6 0.765313 0.196056 0.138438 0.251778
0 0.540344 0.228861 0.078437 0.112167
0 0.599172 0.223167 0.052281 0.112333
0 0.025641 0.288806 0.049031 0.108444
0 0.055047 0.256958 0.053375 0.091194
0 0.339367 0.201667 0.059922 0.096833
0 0.163984 0.242431 0.066437 0.054417
0 0.105711 0.208444 0.050109 0.079389
0 0.045242 0.192181 0.035953 0.050361
0 0.197203 0.184333 0.054469 0.088889
0 0.136750 0.163125 0.042469 0.073583
