9 0.660703 0.781917 0.635156 0.358389
0 0.463008 0.509681 0.250547 0.170639
0 0.699383 0.431347 0.143797 0.222694
0 0.535438 0.369278 0.092594 0.098556
0 0.119844 0.415861 0.091563 0.149111
0 0.029430 0.380889 0.058859 0.129556
0 0.311586 0.339264 0.061016 0.097028
0 0.111148 0.280097 0.043578 0.060028
0 0.166164 0.299653 0.049016 0.071639
0 0.282719 0.254042 0.031594 0.069528
0 0.215695 0.692597 0.405172 0.350528
0 0.245156 0.347972 0.067500 0.153167
0 0.077383 0.337264 0.058828 0.084917
0 0.613328 0.256014 0.041406 0.085361
0 0.431930 0.398292 0.105734 0.071750
0 0.963531 0.669347 0.072937 0.222694
