0 0.537982 0.545171 0.008589 0.009954
0 0.401891 0.544685 0.010448 0.023389
0 0.390474 0.539519 0.012385 0.018574
0 0.440135 0.537944 0.013438 0.012611
0 0.454039 0.556356 0.013995 0.017583
0 0.481471 0.560005 0.014370 0.024880
0 0.450203 0.537690 0.006177 0.013380
0 0.398607 0.471042 0.032516 0.024361
0 0.520440 0.572051 0.029859 0.048435
0 0.515307 0.547500 0.009146 0.011278
0 0.582677 0.556954 0.019969 0.022222
0 0.221833 0.571037 0.056625 0.049296
0 0.137820 0.583977 0.124807 0.106824
0 0.546378 0.551477 0.010078 0.014602
7 0.642247 0.566782 0.064641 0.099065
0 0.979760 0.658755 0.040479 0.133528
0 0.486401 0.543051 0.008958 0.012935
0 0.718003 0.582537 0.077568 0.078463
0 0.567003 0.553801 0.010266 0.014602
0 0.837505 0.655375 0.174281 0.183157
0 0.772979 0.579014 0.034667 0.059917
0 0.430474 0.538056 0.004969 0.010556
0 0.425885 0.537287 0.004427 0.009796
