0 0.768879 0.806740 0.047054 0.060312
0 0.027189 0.820542 0.045387 0.088625
0 0.125223 0.669094 0.027230 0.056396
0 0.279800 0.621927 0.029507 0.048354
0 0.094466 0.654146 0.029495 0.053708
0 0.088040 0.801177 0.049930 0.063104
0 0.231009 0.793125 0.068075 0.071167
0 0.884396 0.762219 0.025411 0.048354
0 0.302876 0.775000 0.040845 0.051042
0 0.217394 0.635354 0.033286 0.048333
0 0.585874 0.850823 0.078439 0.153146
0 0.544032 0.812542 0.039237 0.118333
7 0.110974 0.751052 0.075822 0.062646
0 0.416596 0.855469 0.103263 0.129938
0 0.959079 0.789344 0.030059 0.062646
0 0.987711 0.826469 0.024577 0.076563
0 0.942735 0.867073 0.054906 0.083521
0 0.902864 0.813698 0.037911 0.064979
0 0.793715 0.774260 0.044448 0.060312
0 0.910716 0.768656 0.019977 0.032229
