0 0.605711 0.124208 0.050109 0.058083
0 0.781633 0.395528 0.166672 0.340833
0 0.736422 0.166903 0.084969 0.081139
0 0.852437 0.210583 0.075156 0.125889
5 0.624219 0.079861 0.039219 0.065833
8 0.651461 0.297722 0.095859 0.265333
0 0.949367 0.144639 0.101266 0.071833
0 0.429234 0.210486 0.069719 0.106694
0 0.299602 0.172722 0.056641 0.112500
0 0.091539 0.242528 0.111109 0.112333
0 0.186313 0.383833 0.191719 0.197667
0 0.516938 0.215347 0.077375 0.131806
0 0.641102 0.860306 0.395422 0.271111
0 0.565398 0.172806 0.039203 0.092944
