0 0.019664 0.561222 0.038125 0.079083
0 0.746207 0.536854 0.019602 0.046486
0 0.773984 0.545569 0.033766 0.052278
0 0.831172 0.531049 0.019609 0.038736
0 0.714074 0.561063 0.044664 0.060042
0 0.594246 0.540729 0.011977 0.023236
0 0.606773 0.541694 0.010891 0.032917
0 0.616578 0.544604 0.013078 0.023236
0 0.630191 0.544604 0.020695 0.038736
0 0.511461 0.537826 0.007625 0.017431
0 0.520172 0.537826 0.007625 0.017431
0 0.541961 0.558153 0.033766 0.061972
0 0.379648 0.567840 0.094766 0.104569
0 0.070953 0.547507 0.039031 0.077458
0 0.046441 0.534597 0.024508 0.045194
0 0.233898 0.561222 0.074437 0.095222
