1 0.715657 0.321115 0.021784 0.044479
0 0.842559 0.283406 0.018521 0.038687
0 0.483128 0.590958 0.214378 0.331792
0 0.590968 0.351969 0.048369 0.090479
0 0.447183 0.362417 0.053592 0.097458
0 0.391631 0.331083 0.041831 0.095125
0 0.467447 0.288156 0.031373 0.055688
0 0.623656 0.304406 0.035293 0.046396
0 0.775945 0.360083 0.052289 0.088167
0 0.774636 0.307885 0.041831 0.053354
8 0.718926 0.280500 0.037031 0.048333
0 0.900299 0.298875 0.020692 0.046417
0 0.043914 0.305563 0.041819 0.053375
0 0.936790 0.319177 0.032688 0.025146
0 0.631232 0.266010 0.014155 0.027063
0 0.659014 0.265042 0.021784 0.029000
0 0.679161 0.271802 0.025059 0.054146
0 0.745065 0.271802 0.017430 0.030937
9 0.790276 0.606312 0.175387 0.270708
8 0.067506 0.268896 0.041397 0.071542
1 0.663914 0.305646 0.029401 0.067667
0 0.318421 0.287781 0.044448 0.076562
0 0.222347 0.558479 0.194765 0.331792
