8 0.488850 0.671469 0.094131 0.127604
0 0.056614 0.716521 0.076256 0.135333
0 0.213474 0.640156 0.067535 0.102479
0 0.068052 0.595677 0.042488 0.067688
0 0.141579 0.600510 0.041397 0.073479
0 0.191144 0.577302 0.035951 0.034812
0 0.432430 0.601865 0.045751 0.058021
0 0.475464 0.578656 0.031585 0.050271
0 0.507594 0.613458 0.037042 0.058000
0 0.577312 0.630875 0.050117 0.061875
0 0.568058 0.587365 0.035951 0.044479
0 0.655739 0.625062 0.034859 0.061875
0 0.633955 0.610563 0.037042 0.067667
0 0.672629 0.586396 0.031596 0.058000
0 0.987987 0.731406 0.019613 0.077354
0 0.942242 0.678240 0.045751 0.056062
0 0.887770 0.654073 0.052277 0.065729
0 0.851825 0.617333 0.030505 0.058000
0 0.821866 0.607656 0.025047 0.054146
0 0.769032 0.585427 0.028322 0.063812
0 0.739624 0.589292 0.023967 0.032875
0 0.952588 0.574802 0.022876 0.050271
0 0.891039 0.570927 0.023955 0.042521
0 0.792999 0.599927 0.028322 0.065729
1 0.713474 0.610563 0.023967 0.056083
1 0.880692 0.600896 0.016338 0.048333
1 0.602911 0.586396 0.014155 0.042542
5 0.254871 0.576729 0.056643 0.065750
9 0.688967 0.707146 0.099131 0.122000
8 0.158345 0.814802 0.183920 0.232229
0 0.324883 0.925104 0.243427 0.149792
