0 0.285438 0.168931 0.045750 0.089083
8 0.060500 0.439972 0.120906 0.294556
0 0.073031 0.236722 0.045750 0.065833
0 0.113336 0.199917 0.050109 0.069722
0 0.027250 0.271472 0.054500 0.073778
0 0.305070 0.354750 0.187328 0.201611
1 0.448844 0.597903 0.209156 0.335028
5 0.725531 0.202819 0.124187 0.226583
0 0.474984 0.315153 0.115469 0.149139
0 0.711367 0.373250 0.143797 0.184000
0 0.900406 0.620167 0.127375 0.290500
0 0.127492 0.323764 0.104578 0.154750
0 0.611148 0.177556 0.050109 0.098556
0 0.560492 0.170778 0.035953 0.069889
