1 0.300342 0.550979 0.029953 0.085000
1 0.814835 0.627021 0.100212 0.296375
1 0.457524 0.577656 0.067547 0.146229
1 0.346969 0.555823 0.051203 0.107771
1 0.541409 0.542354 0.015248 0.061583
2 0.895442 0.539458 0.037040 0.102000
2 0.847512 0.522146 0.039222 0.071208
4 0.495489 0.550167 0.038974 0.093000
4 0.970212 0.574146 0.058821 0.131625
0 0.252182 0.567365 0.129599 0.138562
2 0.941716 0.544302 0.035908 0.084729
5 0.393320 0.510458 0.107866 0.086583
0 0.649823 0.590469 0.218986 0.173229
0 0.137282 0.683760 0.267960 0.317479
