0 0.135480 0.566285 0.094367 0.099292
9 0.554438 0.556264 0.016047 0.029722
0 0.682832 0.554486 0.044133 0.090361
0 0.325184 0.549174 0.019258 0.044514
0 0.305926 0.560299 0.026961 0.039375
0 0.282328 0.551736 0.018297 0.049639
0 0.591031 0.553153 0.009750 0.023944
0 0.572918 0.560167 0.023680 0.033028
0 0.527641 0.558931 0.019500 0.037139
0 0.427570 0.547785 0.006969 0.019819
0 0.414797 0.551090 0.005578 0.018153
0 0.420137 0.548611 0.006039 0.016500
0 0.407988 0.549729 0.008023 0.021403
0 0.400969 0.553264 0.008687 0.028472
0 0.387934 0.554486 0.014711 0.026167
0 0.375828 0.555792 0.010703 0.029722
0 0.358883 0.546604 0.013484 0.029097
0 0.342996 0.556021 0.018289 0.034236
