1 0.835200 0.544656 0.045755 0.090437
4 0.394027 0.514833 0.032677 0.073125
2 0.564505 0.516760 0.046840 0.076979
2 0.656008 0.519635 0.038125 0.059646
2 0.746421 0.526375 0.038125 0.069292
2 0.699581 0.523490 0.038125 0.055813
5 0.231781 0.472990 0.116344 0.073896
1 0.661781 0.567750 0.083231 0.140500
0 0.048868 0.646646 0.097736 0.348333
0 0.209929 0.536958 0.091509 0.105833
4 0.141303 0.511948 0.034847 0.086604
1 0.339015 0.541771 0.042488 0.142417
1 0.513850 0.564865 0.082795 0.150104
1 0.800884 0.611052 0.127453 0.219396
1 0.916899 0.600490 0.104575 0.194313
