0 0.817000 0.484417 0.045375 0.064556
0 0.919500 0.447042 0.040094 0.051083
0 0.968672 0.465194 0.037062 0.052444
0 0.655492 0.473264 0.047672 0.047083
0 0.594977 0.481319 0.037078 0.055139
0 0.550344 0.475278 0.058250 0.059167
0 0.444812 0.480653 0.033281 0.048417
0 0.915344 0.516292 0.033281 0.073972
0 0.875625 0.528403 0.053719 0.095472
0 0.979984 0.564042 0.040031 0.086083
0 0.672914 0.782833 0.205891 0.238222
0 0.463211 0.597889 0.191734 0.120056
9 0.740547 0.606806 0.112031 0.107611
0 0.856445 0.650139 0.148203 0.181944
0 0.412570 0.742139 0.303922 0.284611
9 0.781445 0.516028 0.055984 0.073944
5 0.717148 0.468292 0.081703 0.094139
