0 0.263016 0.548729 0.042750 0.073958
0 0.308082 0.553861 0.035820 0.039028
0 0.389535 0.544701 0.023398 0.039625
0 0.486496 0.547174 0.025633 0.050514
0 0.530242 0.547674 0.022844 0.045569
0 0.561727 0.536278 0.015609 0.030722
0 0.719707 0.536778 0.017273 0.017833
0 0.829766 0.541729 0.034547 0.035653
0 0.805527 0.536771 0.017273 0.031708
0 0.886332 0.536778 0.040680 0.041583
0 0.935648 0.533306 0.026750 0.030722
0 0.974656 0.536271 0.033437 0.036653
0 0.915027 0.528354 0.014492 0.024764
0 0.099508 0.568243 0.080891 0.055458
0 0.042309 0.557972 0.033508 0.043139
