0 0.456395 0.532660 0.015430 0.017764
0 0.293902 0.555250 0.033586 0.050028
0 0.380594 0.547993 0.023609 0.045181
0 0.411910 0.536694 0.020883 0.038722
0 0.517664 0.531847 0.009078 0.016139
0 0.487078 0.545222 0.030063 0.055778
0 0.553523 0.554444 0.039031 0.067778
0 0.528562 0.535889 0.010891 0.020972
0 0.248516 0.553354 0.049672 0.076681
0 0.087082 0.563812 0.113727 0.097597
0 0.767336 0.538417 0.016641 0.029583
0 0.957645 0.539563 0.021789 0.042597
0 0.933137 0.544403 0.014164 0.040667
0 0.708645 0.537632 0.024586 0.017931
0 0.743695 0.543229 0.027109 0.021292
0 0.784516 0.540250 0.028234 0.019528
0 0.894844 0.552028 0.037219 0.037111
0 0.677434 0.535889 0.014523 0.017750
0 0.614797 0.535076 0.016344 0.022597
0 0.636129 0.543146 0.033586 0.025819
