0 0.133198 0.812469 0.151373 0.187104
0 0.490293 0.672135 0.080939 0.126979
0 0.357588 0.600302 0.056467 0.103562
0 0.185352 0.606979 0.107300 0.110250
0 0.085587 0.543500 0.039531 0.070167
0 0.041350 0.548510 0.037653 0.060146
0 0.417823 0.570229 0.033885 0.076833
0 0.527934 0.613677 0.039531 0.063479
0 0.610763 0.595281 0.047066 0.080188
5 0.686373 0.226813 0.106667 0.066833
0 0.826919 0.562646 0.014378 0.046417
0 0.616467 0.548729 0.024836 0.037125
0 0.527576 0.560323 0.040528 0.055687
0 0.804695 0.567281 0.032676 0.055688
0 0.645223 0.564969 0.030070 0.060313
0 0.563521 0.583542 0.039225 0.074250
0 0.479859 0.547573 0.026150 0.039438
0 0.496884 0.585885 0.031326 0.046354
0 0.863938 0.580250 0.037641 0.050125
9 0.049519 0.668135 0.094108 0.119729
0 0.857347 0.642062 0.058357 0.066833
0 0.953351 0.632042 0.054589 0.086875
