5 0.407406 0.492347 0.167687 0.216917
0 0.238820 0.634306 0.144891 0.151056
0 0.184898 0.551028 0.091516 0.120056
0 0.475750 0.547458 0.058812 0.132306
0 0.740781 0.526139 0.067500 0.091222
9 0.583437 0.549542 0.114375 0.153139
0 0.630211 0.505806 0.072984 0.120278
0 0.958102 0.625972 0.081703 0.189778
0 0.856242 0.499125 0.034859 0.056139
0 0.018016 0.545514 0.035937 0.083472
0 0.775461 0.601014 0.099984 0.146861
0 0.810234 0.851111 0.272344 0.294444
9 0.861148 0.556167 0.079516 0.131889
0 0.050906 0.748556 0.100219 0.306000
