0 0.826227 0.240865 0.046843 0.077354
0 0.333879 0.248604 0.051256 0.081208
0 0.958028 0.280510 0.053380 0.087021
9 0.708685 0.287854 0.056643 0.083125
1 0.727201 0.233719 0.026138 0.056062
0 0.740687 0.197365 0.030458 0.052188
0 0.702042 0.233135 0.038122 0.054146
0 0.643216 0.237000 0.035939 0.085083
0 0.040270 0.250531 0.045751 0.073479
0 0.521761 0.209937 0.023967 0.038667
0 0.551714 0.224427 0.031596 0.063813
0 0.617617 0.249573 0.037042 0.067687
0 0.770669 0.230240 0.038122 0.063812
0 0.890493 0.250542 0.046831 0.085083
0 0.485810 0.232167 0.039225 0.087000
0 0.754325 0.572469 0.205880 0.249437
0 0.211297 0.319177 0.065364 0.102479
0 0.288093 0.731990 0.356209 0.460188
8 0.305346 0.390719 0.151772 0.203021
8 0.533380 0.278531 0.057371 0.106271
9 0.732570 0.844531 0.332981 0.310937
