5 0.692412 0.363104 0.075810 0.171708
0 0.095023 0.435042 0.104577 0.074250
0 0.540123 0.498844 0.090200 0.164729
0 0.380646 0.418792 0.058826 0.097458
0 0.324437 0.373552 0.045751 0.071938
0 0.064965 0.389781 0.070587 0.099771
0 0.168228 0.360781 0.044437 0.078896
0 0.581954 0.400240 0.058815 0.092812
9 0.232934 0.417635 0.064061 0.095146
9 0.117248 0.530167 0.125481 0.148500
1 0.617248 0.367750 0.022218 0.074250
0 0.528357 0.308583 0.022230 0.030167
8 0.870182 0.518562 0.122876 0.208833
0 0.314126 0.504646 0.116045 0.194917
0 0.544043 0.360792 0.022218 0.064958
0 0.494372 0.341073 0.027453 0.062646
0 0.623128 0.320177 0.033979 0.048729
0 0.573457 0.348031 0.033979 0.048729
0 0.412676 0.348031 0.041831 0.062646
0 0.453850 0.365427 0.043146 0.074229
0 0.512019 0.375885 0.039225 0.081187
0 0.357113 0.313219 0.024836 0.039438
0 0.253850 0.323656 0.024836 0.041771
0 0.793063 0.451271 0.041831 0.097458
