0 0.522172 0.491278 0.029969 0.067778
0 0.578734 0.510167 0.024844 0.067389
0 0.544742 0.515972 0.043141 0.083667
0 0.627750 0.520625 0.039219 0.055750
0 0.455203 0.467181 0.028750 0.051139
0 0.395070 0.488097 0.026141 0.060417
0 0.030367 0.512500 0.036609 0.067389
0 0.427750 0.503194 0.034000 0.067389
0 0.350625 0.511319 0.044437 0.074361
0 0.085922 0.822736 0.171250 0.269583
0 0.684609 0.568278 0.082344 0.099889
0 0.101633 0.650764 0.139828 0.158028
8 0.928359 0.721639 0.138594 0.262611
0 0.694547 0.506458 0.047063 0.076694
0 0.184719 0.500722 0.056469 0.083667
0 0.617898 0.473528 0.034578 0.061333
0 0.646539 0.471111 0.024516 0.033889
0 0.510820 0.459000 0.029047 0.032278
