0 0.893903 0.886573 0.050481 0.072729
0 0.852312 0.840146 0.047911 0.062667
0 0.753345 0.802656 0.025211 0.059312
0 0.721849 0.823302 0.045340 0.051604
0 0.525141 0.808250 0.040352 0.054833
0 0.566743 0.872594 0.097077 0.129812
0 0.412617 0.855812 0.091408 0.107417
0 0.211831 0.811052 0.042864 0.055938
0 0.895182 0.795948 0.020176 0.032437
0 0.952547 0.789802 0.016385 0.026854
0 0.857993 0.785323 0.017653 0.033563
0 0.837500 0.784198 0.020798 0.033563
0 0.167054 0.804344 0.040376 0.064896
0 0.348773 0.612302 0.035951 0.050271
0 0.141802 0.637438 0.031585 0.046417
0 0.873116 0.807698 0.023955 0.044771
0 0.079161 0.650979 0.030505 0.058000
0 0.916614 0.800427 0.027735 0.041396
0 0.992347 0.861396 0.015305 0.053708
0 0.944982 0.829521 0.032782 0.052583
0 0.926074 0.851333 0.036561 0.062667
