0 0.518227 0.435889 0.057047 0.128444
0 0.640867 0.341236 0.085578 0.074361
0 0.970758 0.268569 0.053234 0.057472
0 0.731180 0.385181 0.057047 0.141972
0 0.357656 0.385181 0.093438 0.121694
0 0.606078 0.461236 0.098094 0.158861
0 0.780328 0.381792 0.050031 0.141972
0 0.561164 0.372375 0.077641 0.075806
0 0.646578 0.270250 0.036125 0.054111
1 0.477344 0.327708 0.036125 0.101417
8 0.175023 0.345292 0.119797 0.070972
0 0.172031 0.457903 0.114375 0.145250
0 0.436312 0.466306 0.099188 0.155500
0 0.060719 0.425736 0.107938 0.162250
0 0.257734 0.395319 0.026625 0.081139
