0 0.429102 0.623542 0.016391 0.031380
0 0.315945 0.628023 0.034672 0.042583
0 0.225167 0.635870 0.059885 0.060519
0 0.525557 0.618856 0.005469 0.010269
0 0.553526 0.622097 0.013990 0.021083
0 0.500779 0.616690 0.005776 0.010269
0 0.506258 0.617241 0.006370 0.017815
0 0.514005 0.619667 0.012771 0.020537
0 0.482844 0.618856 0.012469 0.021083
0 0.472052 0.618583 0.008510 0.022704
0 0.464299 0.617505 0.007599 0.018380
0 0.457763 0.617778 0.004255 0.011352
0 0.444641 0.624009 0.014948 0.022519
0 0.365430 0.623542 0.030255 0.044824
