5 0.754566 0.382375 0.045798 0.071500
0 0.653239 0.373708 0.030493 0.042542
0 0.680475 0.387240 0.030505 0.042521
0 0.705528 0.395937 0.034859 0.044458
0 0.735487 0.412375 0.033768 0.058000
0 0.610974 0.398073 0.043568 0.050271
0 0.634718 0.478115 0.069718 0.119896
9 0.474043 0.394969 0.049026 0.054146
9 0.233850 0.391083 0.047934 0.069667
0 0.401062 0.382396 0.049026 0.071542
0 0.375464 0.453948 0.084965 0.117937
0 0.283914 0.433646 0.074167 0.100542
0 0.031397 0.497448 0.062793 0.232021
0 0.196813 0.431708 0.063181 0.081208
0 0.609665 0.350500 0.026138 0.034792
0 0.126004 0.351469 0.047923 0.087021
0 0.287224 0.329229 0.030505 0.038667
0 0.422300 0.312792 0.021784 0.048333
0 0.556837 0.376604 0.033768 0.063792
0 0.484935 0.356302 0.020692 0.046396
0 0.459337 0.341802 0.026138 0.040604
0 0.476772 0.502281 0.104577 0.179813
8 0.268685 0.732375 0.248404 0.404125
5 0.942999 0.427844 0.041397 0.127604
0 0.081890 0.363063 0.040305 0.052208
0 0.175569 0.350500 0.031585 0.061875
0 0.510540 0.369833 0.032676 0.058000
5 0.581890 0.327292 0.020704 0.042542
