0 0.216273 0.401319 0.055547 0.089083
0 0.054984 0.496597 0.078438 0.124139
0 0.032719 0.427278 0.063187 0.083278
0 0.297430 0.399347 0.043578 0.065750
0 0.799609 0.410917 0.045750 0.077278
0 0.754398 0.400264 0.044672 0.064083
0 0.721719 0.395528 0.049031 0.069722
0 0.678148 0.388750 0.051203 0.067778
0 0.547422 0.373056 0.046844 0.063889
0 0.470633 0.363569 0.026141 0.048417
0 0.950469 0.364528 0.062094 0.054222
0 0.899273 0.366472 0.064266 0.050333
0 0.637297 0.343236 0.054469 0.050361
5 0.814312 0.352819 0.092594 0.085417
0 0.961914 0.479569 0.041391 0.156861
