0 0.533159 0.607213 0.020797 0.031130
0 0.558328 0.607537 0.015687 0.025296
0 0.523128 0.601375 0.007297 0.015565
6 0.584854 0.594167 0.036313 0.077463
0 0.064630 0.625463 0.116344 0.118519
0 0.985609 0.671384 0.028781 0.172898
0 0.677901 0.625634 0.057187 0.072620
7 0.814518 0.611940 0.206974 0.151657
0 0.439766 0.599236 0.006927 0.015565
0 0.447680 0.600468 0.008391 0.013620
0 0.345573 0.607625 0.029000 0.054917
0 0.386865 0.607069 0.023323 0.033620
0 0.426893 0.605944 0.025214 0.044833
0 0.277484 0.624667 0.074438 0.103278
0 0.461630 0.598579 0.004750 0.010954
0 0.472794 0.600444 0.005297 0.007778
0 0.495789 0.610236 0.031057 0.053694
0 0.513823 0.601375 0.009854 0.019454
