0 0.278427 0.399771 0.053592 0.071917
9 0.125481 0.424125 0.061432 0.111375
1 0.549008 0.348719 0.014378 0.058021
0 0.291496 0.484458 0.077124 0.102083
0 0.528093 0.322042 0.014378 0.023208
0 0.478427 0.346396 0.024836 0.058000
0 0.352529 0.600479 0.145904 0.236667
8 0.698809 0.417167 0.054660 0.111375
0 0.692805 0.361490 0.045751 0.055687
0 0.666661 0.351042 0.022218 0.044083
0 0.641168 0.375396 0.031373 0.074250
0 0.437248 0.342917 0.036608 0.060333
0 0.381039 0.342917 0.039214 0.046417
0 0.350974 0.353365 0.036596 0.062646
0 0.175153 0.374240 0.053592 0.048729
0 0.400646 0.395125 0.047066 0.085833
0 0.510452 0.367281 0.036608 0.053354
0 0.498034 0.428771 0.056209 0.088167
0 0.333333 0.389354 0.045775 0.069542
0 0.200646 0.448490 0.083662 0.113687
0 0.023198 0.355677 0.046397 0.076563
0 0.099337 0.347562 0.030059 0.046417
0 0.062083 0.355688 0.039214 0.067292
