0 0.822606 0.625302 0.033991 0.069604
0 0.061009 0.711146 0.114038 0.162417
0 0.201690 0.638052 0.047066 0.048729
0 0.702342 0.622979 0.023533 0.051042
0 0.869665 0.624135 0.031373 0.058021
0 0.939595 0.675177 0.056209 0.099771
0 0.629143 0.602094 0.015681 0.027854
0 0.610839 0.609052 0.018298 0.041771
0 0.526526 0.610219 0.024836 0.053354
0 0.591232 0.629938 0.026150 0.055667
0 0.574894 0.650813 0.040516 0.051042
0 0.648099 0.642698 0.037911 0.058021
0 0.706919 0.670542 0.035293 0.085833
0 0.618685 0.700708 0.054906 0.071917
0 0.510845 0.661260 0.053592 0.090479
0 0.470317 0.638062 0.032676 0.067292
0 0.570323 0.824844 0.115035 0.227396
0 0.056590 0.380510 0.044448 0.053354
0 0.183392 0.373552 0.044437 0.062646
0 0.295810 0.592812 0.018310 0.041750
0 0.223914 0.603260 0.041819 0.085854
0 0.344830 0.635740 0.040528 0.076563
0 0.387312 0.655458 0.044437 0.083542
