0 0.085008 0.347972 0.041391 0.063722
0 0.046336 0.394556 0.075172 0.079389
0 0.335547 0.366472 0.061000 0.092944
0 0.268562 0.363375 0.070812 0.156861
0 0.152000 0.428347 0.103500 0.131861
0 0.116656 0.562000 0.231063 0.271222
0 0.685227 0.354750 0.056641 0.085389
0 0.599719 0.378000 0.077344 0.131889
0 0.470633 0.416625 0.080609 0.147194
0 0.762570 0.417694 0.089328 0.133833
0 0.686859 0.471917 0.099125 0.129944
0 0.784898 0.678208 0.410672 0.259194
5 0.040891 0.253083 0.070813 0.114444
0 0.602430 0.269556 0.050109 0.073778
0 0.490234 0.247375 0.030500 0.048417
0 0.186312 0.335389 0.054469 0.085389
0 0.126398 0.312153 0.034859 0.081528
