0 0.467083 0.638826 0.023685 0.010661
0 0.443000 0.632052 0.018167 0.007333
0 0.547917 0.640284 0.018667 0.013818
0 0.527597 0.642875 0.027287 0.013750
0 0.614435 0.643326 0.035370 0.016578
0 0.792750 0.656589 0.120852 0.050844
0 0.268778 0.621583 0.017741 0.009208
0 0.304940 0.626188 0.020472 0.009208
0 0.325407 0.635781 0.019111 0.013052
0 0.388856 0.638083 0.031380 0.014583
0 0.291977 0.639810 0.049120 0.020339
0 0.073532 0.631203 0.123083 0.042177
0 0.332148 0.622096 0.011370 0.006661
8 0.352519 0.622229 0.016111 0.009594
0 0.377157 0.626628 0.018000 0.006661
0 0.396111 0.627294 0.018000 0.011193
0 0.486824 0.637604 0.020537 0.010885
0 0.506370 0.637716 0.014611 0.009328
