0 0.721711 0.199792 0.044672 0.058194
0 0.196688 0.369375 0.118688 0.180083
0 0.048492 0.368306 0.096984 0.155111
0 0.122586 0.336264 0.064266 0.133639
0 0.369859 0.319903 0.062094 0.119861
0 0.416164 0.309153 0.074078 0.125861
0 0.619859 0.211542 0.054469 0.065861
0 0.558320 0.205542 0.044672 0.069694
9 0.589367 0.475792 0.180828 0.245750
0 0.129117 0.253181 0.072984 0.060028
0 0.305055 0.306431 0.087141 0.127806
0 0.199930 0.252208 0.051203 0.058083
0 0.065945 0.212514 0.055547 0.091028
0 0.167250 0.185306 0.040312 0.052111
0 0.875313 0.817778 0.249375 0.364444
0 0.065383 0.793500 0.130766 0.393556
5 0.911781 0.242347 0.176437 0.143306
