0 0.238527 0.353250 0.063181 0.065250
0 0.638316 0.324969 0.019613 0.040604
0 0.635035 0.366542 0.028286 0.046417
0 0.790276 0.424552 0.055552 0.077354
0 0.662259 0.327875 0.021749 0.038667
0 0.683521 0.341417 0.025047 0.042542
9 0.802799 0.668188 0.165575 0.282292
8 0.720012 0.359781 0.043568 0.056062
1 0.723281 0.391687 0.017430 0.058000
1 0.666637 0.362677 0.028322 0.054146
0 0.906291 0.369448 0.023967 0.087021
0 0.764671 0.388792 0.045751 0.071542
0 0.969994 0.396365 0.051491 0.055729
0 0.506502 0.671083 0.183005 0.342250
0 0.274478 0.589875 0.202617 0.272625
0 0.405745 0.385885 0.055552 0.127604
0 0.469460 0.429375 0.071878 0.106250
0 0.476549 0.358813 0.031596 0.054125
0 0.603996 0.420687 0.068627 0.092792
