9 0.056180 0.546948 0.105669 0.127604
0 0.011491 0.372760 0.017019 0.027979
0 0.031033 0.363812 0.018286 0.030208
0 0.115194 0.363802 0.016397 0.025729
1 0.971496 0.720917 0.057007 0.197125
0 0.493961 0.399844 0.035411 0.056396
0 0.444484 0.401771 0.024507 0.037042
0 0.409085 0.398552 0.020869 0.037062
0 0.065387 0.357094 0.017653 0.032437
0 0.143562 0.347021 0.020176 0.027958
0 0.063656 0.397677 0.023533 0.027854
0 0.040123 0.388396 0.013063 0.046417
0 0.007641 0.393042 0.015282 0.037125
0 0.393715 0.420885 0.027453 0.041771
0 0.473457 0.442927 0.045763 0.053354
0 0.431626 0.446406 0.043134 0.055687
0 0.540781 0.418563 0.031373 0.032500
0 0.591761 0.424354 0.033991 0.030167
0 0.610710 0.430167 0.027453 0.037125
0 0.637512 0.441760 0.041831 0.055687
0 0.653198 0.461490 0.031373 0.048729
0 0.667576 0.470771 0.026138 0.039458
0 0.689795 0.483521 0.044448 0.051042
0 0.741432 0.529927 0.050986 0.069604
0 0.562999 0.452208 0.026138 0.053375
0 0.576074 0.490490 0.047054 0.078896
0 0.327705 0.406958 0.026138 0.046417
0 0.296332 0.402323 0.031373 0.046396
0 0.257770 0.412760 0.032676 0.044104
0 0.364302 0.434802 0.031373 0.064979
0 0.969736 0.600698 0.060528 0.099771
0 0.864959 0.576344 0.096725 0.120646
0 0.800910 0.715552 0.151631 0.176354
0 0.680646 0.589104 0.104577 0.127625
0 0.281297 0.482365 0.077124 0.122979
0 0.461696 0.533417 0.084965 0.122958
0 0.336854 0.645948 0.138568 0.143854
0 0.613322 0.872854 0.304577 0.254292
0 0.170845 0.460323 0.070587 0.116021
0 0.167576 0.828083 0.223533 0.308583
0 0.369143 0.392906 0.019061 0.041896
0 0.168926 0.315875 0.017430 0.036750
