2 0.597046 0.563615 0.031899 0.071062
0 0.497205 0.638323 0.167783 0.195979
0 0.345377 0.564844 0.047146 0.053896
1 0.685094 0.572187 0.027736 0.073500
2 0.645584 0.564844 0.042983 0.063688
2 0.755124 0.573406 0.037441 0.075937
2 0.797417 0.583219 0.027736 0.075937
3 0.087459 0.558719 0.038833 0.075938
4 0.060448 0.579542 0.020849 0.073500
4 0.889027 0.604198 0.034658 0.102063
4 0.921380 0.606240 0.050849 0.138812
5 0.212465 0.527354 0.125943 0.079042
1 0.831515 0.621177 0.053833 0.122479
1 0.910083 0.845281 0.179835 0.306104
1 0.726026 0.736312 0.173278 0.274375
0 0.263090 0.772271 0.526179 0.438292
