1 0.540867 0.568333 0.055554 0.102000
2 0.832258 0.526958 0.043573 0.092375
4 0.021256 0.537542 0.020696 0.063500
2 0.985313 0.550042 0.027229 0.111625
2 0.945548 0.542344 0.043573 0.084687
2 0.889452 0.528875 0.044658 0.088542
0 0.154375 0.660687 0.297854 0.286708
0 0.788626 0.591417 0.256946 0.175125
0 0.476598 0.551969 0.057724 0.096229
1 0.802305 0.614510 0.062087 0.252104
1 0.409062 0.558708 0.049021 0.090458
1 0.275619 0.551969 0.043573 0.111604
5 0.392718 0.501938 0.120908 0.073125
1 0.610041 0.580833 0.067535 0.177042
