0 0.053022 0.696417 0.037031 0.046417
0 0.013257 0.681917 0.025059 0.048333
0 0.225135 0.626802 0.032688 0.058021
0 0.446719 0.550115 0.037195 0.043646
0 0.357388 0.589271 0.036561 0.047000
0 0.847083 0.728542 0.046303 0.070917
0 0.850258 0.692281 0.058099 0.037063
0 0.982318 0.744656 0.035364 0.077354
0 0.249272 0.708823 0.041831 0.078896
1 0.389143 0.567292 0.026150 0.051042
0 0.381995 0.796958 0.139437 0.181750
0 0.560106 0.756354 0.062089 0.100542
0 0.631966 0.788302 0.079472 0.148979
0 0.087881 0.657750 0.041397 0.038667
