0 0.044636 0.362104 0.056643 0.085083
0 0.602371 0.370802 0.047934 0.067687
0 0.297711 0.816396 0.329225 0.367208
0 0.833304 0.811656 0.233110 0.326771
8 0.517336 0.402708 0.064272 0.119875
0 0.595827 0.321500 0.028322 0.038667
0 0.533192 0.344698 0.040305 0.054146
8 0.252447 0.524521 0.161702 0.185625
0 0.946590 0.417208 0.050106 0.079292
0 0.902477 0.384344 0.042488 0.079271
1 0.617077 0.325937 0.016338 0.038667
1 0.722189 0.353979 0.017430 0.056083
0 0.646485 0.352052 0.035951 0.079271
9 0.703680 0.432281 0.063181 0.112146
0 0.275023 0.374667 0.059906 0.090875
0 0.465112 0.343729 0.041397 0.087000
0 0.504331 0.318594 0.023967 0.044479
0 0.856725 0.361135 0.035939 0.075396
0 0.801714 0.339865 0.034859 0.048354
0 0.753234 0.336969 0.022876 0.050271
0 0.673721 0.356302 0.031596 0.058021
0 0.138316 0.445240 0.089331 0.135354
