0 0.673559 0.551181 0.038148 0.054222
0 0.121809 0.578292 0.098039 0.116194
0 0.051547 0.552160 0.027234 0.044542
0 0.020500 0.550215 0.026141 0.056153
0 0.403398 0.568618 0.062094 0.085208
0 0.230191 0.557965 0.070805 0.083264
0 0.541738 0.562806 0.040305 0.089083
0 0.521602 0.549250 0.010859 0.023222
0 0.512328 0.532792 0.011984 0.021306
0 0.785203 0.545375 0.026141 0.042611
0 0.856012 0.571542 0.087148 0.121972
0 0.644680 0.548278 0.019609 0.032917
0 0.627797 0.549250 0.022875 0.038722
0 0.614727 0.545375 0.020703 0.050361
0 0.815164 0.533757 0.022875 0.046486
0 0.751437 0.529882 0.041391 0.030986
