0 0.896555 0.306431 0.037047 0.050361
5 0.739687 0.246306 0.045750 0.042389
0 0.223156 0.488750 0.161562 0.172889
0 0.022352 0.460306 0.044703 0.145444
0 0.739148 0.291819 0.035953 0.067583
0 0.358430 0.430375 0.102391 0.185917
0 0.433594 0.374111 0.069719 0.116000
0 0.512023 0.385639 0.078422 0.123944
0 0.565398 0.356597 0.050109 0.089083
0 0.629672 0.344208 0.069719 0.091028
0 0.543609 0.304500 0.037031 0.046500
0 0.698297 0.313014 0.054469 0.048417
8 0.029977 0.329569 0.059953 0.151250
8 0.100805 0.332389 0.088234 0.125889
