0 0.930867 0.290750 0.042484 0.046500
0 0.778031 0.524347 0.246188 0.251861
0 0.238273 0.533986 0.260359 0.213028
0 0.471391 0.441028 0.195000 0.182056
0 0.626617 0.493306 0.052297 0.178167
0 0.957773 0.425542 0.078422 0.127806
0 0.817250 0.352903 0.076250 0.075528
0 0.924008 0.356792 0.063172 0.106528
0 0.372805 0.282222 0.063172 0.038722
0 0.457773 0.296750 0.063172 0.052278
0 0.551461 0.305458 0.056641 0.073583
0 0.659297 0.300625 0.061000 0.044528
0 0.872812 0.332583 0.039219 0.073611
0 0.772586 0.317083 0.050109 0.065833
0 0.888383 0.283208 0.029422 0.046472
