0 0.858637 0.552014 0.068289 0.074722
0 0.942969 0.544556 0.028906 0.059861
6 0.938750 0.509069 0.039406 0.029917
0 0.891207 0.534729 0.023117 0.030819
0 0.913285 0.548278 0.019992 0.044833
0 0.073113 0.556417 0.093680 0.145250
0 0.342180 0.550604 0.030500 0.067792
0 0.541336 0.552007 0.029422 0.057903
0 0.389781 0.532868 0.023641 0.034542
0 0.494582 0.537535 0.014711 0.028958
0 0.516121 0.533333 0.005258 0.014944
0 0.562875 0.536139 0.012609 0.024278
0 0.522687 0.533333 0.009984 0.029889
0 0.978152 0.555285 0.029945 0.062569
0 0.731758 0.541250 0.038375 0.043944
0 0.709969 0.534736 0.013656 0.015889
0 0.766180 0.545944 0.029422 0.056972
0 0.802691 0.543146 0.034148 0.062569
