9 0.232805 0.700240 0.112418 0.185604
5 0.965481 0.534344 0.064061 0.095146
1 0.855669 0.599312 0.040540 0.090500
0 0.333457 0.498375 0.026138 0.051042
0 0.802741 0.505333 0.044448 0.074250
0 0.847183 0.538979 0.049671 0.053375
0 0.664830 0.478656 0.022218 0.039438
0 0.584437 0.482135 0.020915 0.055687
0 0.564830 0.468208 0.033979 0.051042
0 0.687705 0.475177 0.031373 0.041771
0 0.636725 0.489104 0.028756 0.037125
0 0.883785 0.538979 0.031373 0.058000
0 0.951045 0.675885 0.097911 0.197229
0 0.705305 0.498031 0.031596 0.054146
0 0.407377 0.445823 0.019613 0.034813
0 0.394302 0.478698 0.028322 0.050271
0 0.763040 0.553135 0.051197 0.098604
0 0.488533 0.571510 0.066455 0.069604
0 0.070246 0.874115 0.140493 0.245563
0 0.512494 0.897896 0.208063 0.204208
0 0.655745 0.658521 0.078439 0.119875
0 0.502148 0.638219 0.091502 0.102479
0 0.290276 0.615010 0.105669 0.141146
0 0.044090 0.518333 0.049026 0.083125
0 0.013058 0.508667 0.026115 0.075417
0 0.205857 0.497062 0.034859 0.071542
0 0.064243 0.461292 0.030505 0.054125
0 0.094742 0.461292 0.021784 0.046417
0 0.358363 0.511563 0.039214 0.058000
0 0.282101 0.505760 0.045751 0.065729
0 0.436244 0.503823 0.044671 0.050271
0 0.176438 0.488365 0.028322 0.058021
0 0.250511 0.452594 0.028322 0.048354
0 0.349642 0.449698 0.026138 0.054146
0 0.609448 0.580208 0.046831 0.094750
0 0.308251 0.450656 0.021784 0.036729
9 0.610581 0.503021 0.028768 0.051042
