0 0.080695 0.364236 0.073203 0.074361
0 0.029711 0.410819 0.049672 0.074583
0 0.636250 0.384097 0.044437 0.090417
0 0.554547 0.340056 0.053594 0.072056
9 0.676914 0.511917 0.141328 0.181500
0 0.361320 0.508194 0.170766 0.188611
9 0.130773 0.570000 0.252797 0.257722
0 0.247359 0.381764 0.064062 0.141528
0 0.317289 0.384208 0.049672 0.085972
0 0.638211 0.302639 0.035297 0.053444
6 0.606180 0.284292 0.041828 0.076694
8 0.707492 0.406292 0.082359 0.102250
8 0.521875 0.400361 0.069281 0.114111
5 0.723180 0.307528 0.103266 0.174278
