1 0.657949 0.491347 0.013617 0.032278
1 0.423820 0.479917 0.011344 0.036306
1 0.414375 0.476556 0.016672 0.034972
1 0.400000 0.479910 0.019688 0.047069
0 0.385238 0.455708 0.011352 0.025556
0 0.372000 0.446292 0.012109 0.025556
0 0.458188 0.476667 0.011766 0.041833
0 0.440543 0.476667 0.015680 0.037194
0 0.472570 0.496417 0.030063 0.095278
0 0.866688 0.531278 0.065359 0.062750
0 0.746426 0.513854 0.044445 0.051125
0 0.684988 0.494090 0.041836 0.058097
0 0.567211 0.566132 0.198953 0.304431
0 0.115055 0.713611 0.214375 0.473889
