0 0.731391 0.328111 0.070594 0.072500
0 0.655312 0.368556 0.040781 0.103167
0 0.441977 0.453597 0.078422 0.133861
0 0.210781 0.302722 0.055625 0.038444
0 0.788109 0.456389 0.120281 0.145000
0 0.359648 0.446778 0.073672 0.148111
0 0.177812 0.646014 0.318125 0.290028
0 0.560156 0.540042 0.206875 0.178472
0 0.158844 0.441056 0.199219 0.175667
0 0.075703 0.527500 0.127062 0.142222
0 0.283539 0.293236 0.043922 0.064083
0 0.329039 0.298833 0.053328 0.058556
5 0.549422 0.336486 0.183531 0.223083
0 0.734695 0.390153 0.059609 0.119917
0 0.325891 0.390861 0.072156 0.136667
