0 0.812219 0.544799 0.016344 0.036792
0 0.139562 0.562222 0.058828 0.056167
0 0.189129 0.538986 0.040305 0.094889
0 0.293703 0.553514 0.046844 0.061972
0 0.386293 0.547701 0.025055 0.050347
0 0.473984 0.551576 0.026141 0.050347
0 0.556773 0.560292 0.043578 0.075528
0 0.531719 0.539951 0.006531 0.019375
0 0.523004 0.535111 0.008711 0.025167
0 0.780094 0.558750 0.045734 0.041944
0 0.612328 0.543826 0.026141 0.027125
0 0.923875 0.550604 0.026141 0.044542
0 0.954922 0.549632 0.033766 0.065847
0 0.987059 0.554479 0.023961 0.079403
0 0.898277 0.543826 0.018523 0.042597
0 0.875945 0.539951 0.013078 0.046486
0 0.844898 0.539951 0.022875 0.050347
0 0.867773 0.546750 0.018516 0.052333
0 0.658082 0.543826 0.017430 0.019375
0 0.695660 0.543826 0.020695 0.034847
