0 0.229378 0.463615 0.062089 0.054146
0 0.151496 0.450083 0.054472 0.085083
0 0.747359 0.622156 0.102394 0.193354
0 0.872629 0.724646 0.135070 0.259083
0 0.687987 0.949333 0.208063 0.101333
0 0.534935 0.794250 0.178650 0.204958
0 0.425458 0.633760 0.133991 0.189479
0 0.113873 0.836219 0.227746 0.327563
0 0.463046 0.372740 0.030505 0.046396
9 0.798556 0.427844 0.034859 0.059938
9 0.449971 0.503250 0.080599 0.110208
1 0.786573 0.468448 0.041385 0.075396
0 0.705417 0.429781 0.035951 0.056062
0 0.715763 0.489719 0.069718 0.106354
5 0.896590 0.447177 0.060998 0.098604
5 0.091585 0.407531 0.058826 0.112146
0 0.935810 0.546760 0.082793 0.135354
0 0.619906 0.399802 0.026150 0.050271
0 0.576332 0.402708 0.030505 0.056083
0 0.665657 0.404646 0.030493 0.052208
0 0.754982 0.434615 0.032688 0.073479
0 0.560534 0.451042 0.044660 0.067667
0 0.630798 0.466510 0.050117 0.087021
0 0.589947 0.509052 0.057735 0.098604
0 0.504437 0.483917 0.052277 0.106333
0 0.360100 0.408510 0.044660 0.063812
0 0.426009 0.395937 0.034859 0.065750
0 0.135158 0.369833 0.030505 0.044458
0 0.168380 0.394010 0.035939 0.050271
0 0.201602 0.383375 0.026138 0.056083
0 0.262612 0.401740 0.028322 0.061854
0 0.296919 0.407531 0.031585 0.069604
0 0.230469 0.421083 0.042488 0.058000
