0 0.822375 0.550799 0.023531 0.044153
0 0.789043 0.543826 0.016992 0.039514
0 0.779238 0.542667 0.020914 0.032528
0 0.091656 0.579847 0.073203 0.134778
0 0.183809 0.551958 0.098039 0.111556
0 0.255055 0.544986 0.039219 0.074361
0 0.298187 0.550799 0.041828 0.067403
0 0.466164 0.553125 0.040516 0.062750
0 0.551785 0.561257 0.041836 0.079014
0 0.534137 0.547312 0.014383 0.032542
0 0.654398 0.547312 0.030063 0.041819
0 0.602766 0.541507 0.033984 0.030208
0 0.870738 0.547312 0.020914 0.055764
0 0.896883 0.542667 0.033984 0.060417
0 0.934137 0.539181 0.024836 0.053444
0 0.959625 0.540340 0.015687 0.055764
0 0.984391 0.550799 0.031219 0.072042
0 0.845902 0.544993 0.018305 0.037181
0 0.833484 0.548472 0.019609 0.039500
0 0.802113 0.533368 0.016992 0.032542
0 0.755055 0.553125 0.027453 0.034861
0 0.741324 0.542667 0.020914 0.032528
