0 0.460797 0.337319 0.095938 0.139250
8 0.154070 0.242347 0.086266 0.143306
8 0.053438 0.259764 0.106875 0.139417
0 0.555594 0.289014 0.089313 0.131694
0 0.390023 0.300625 0.050109 0.116194
0 0.644922 0.278264 0.063188 0.091194
0 0.674875 0.240486 0.035937 0.081139
0 0.705922 0.245333 0.039219 0.079222
0 0.745133 0.243306 0.043578 0.067778
0 0.799602 0.210389 0.043578 0.067778
0 0.942844 0.230722 0.038125 0.069722
0 0.394375 0.228972 0.037031 0.050333
0 0.249500 0.255986 0.076250 0.085417
0 0.925961 0.186375 0.034859 0.046472
5 0.795250 0.165931 0.047937 0.052083
0 0.593727 0.219194 0.026141 0.038556
0 0.618234 0.200694 0.031594 0.056167
