0 0.946156 0.377771 0.063181 0.081208
0 0.288210 0.361323 0.076256 0.106354
0 0.126438 0.413542 0.114378 0.090875
0 0.751496 0.307198 0.026138 0.050271
0 0.247353 0.825198 0.356209 0.349604
0 0.107383 0.555656 0.172113 0.189479
8 0.378621 0.452208 0.113298 0.195292
8 0.557811 0.341021 0.044660 0.100542
0 0.690604 0.286313 0.017430 0.052208
0 0.757048 0.547344 0.152500 0.145021
9 0.745070 0.768729 0.226573 0.313250
0 0.513151 0.299448 0.031585 0.059938
0 0.579601 0.298490 0.029413 0.046396
0 0.547465 0.272385 0.021784 0.044479
0 0.628075 0.310094 0.034859 0.054146
9 0.728727 0.378146 0.071890 0.100542
0 0.671103 0.302354 0.035939 0.077333
0 0.729924 0.321688 0.035951 0.046417
0 0.914566 0.308156 0.032676 0.042521
0 0.861191 0.336188 0.041397 0.075417
0 0.795288 0.319760 0.031585 0.065729
0 0.648773 0.334250 0.032688 0.052208
0 0.399859 0.312021 0.053380 0.065750
