0 0.445094 0.644292 0.028875 0.042028
0 0.104242 0.655440 0.075818 0.065065
0 0.326956 0.633088 0.018391 0.031750
0 0.355849 0.634491 0.008927 0.019611
0 0.363727 0.632153 0.007880 0.018676
0 0.368719 0.632153 0.006302 0.016806
0 0.377911 0.633551 0.008927 0.015880
0 0.393617 0.637440 0.004380 0.009083
0 0.399089 0.636787 0.006562 0.007778
8 0.766318 0.634676 0.147969 0.100056
0 0.927013 0.740755 0.158766 0.194250
0 0.733680 0.718569 0.223297 0.216898
0 0.593875 0.665306 0.016813 0.062574
0 0.561242 0.663685 0.064255 0.068556
0 0.526922 0.642968 0.028323 0.061972
0 0.472943 0.659236 0.041500 0.053231
0 0.430401 0.635889 0.011010 0.017741
