0 0.919461 0.630882 0.157625 0.268986
0 0.188512 0.542826 0.034492 0.056486
0 0.235262 0.552507 0.060820 0.062931
0 0.338293 0.551701 0.039945 0.058097
0 0.712293 0.573486 0.079883 0.098444
0 0.403977 0.556688 0.025844 0.028014
0 0.364910 0.550514 0.017055 0.042583
0 0.450625 0.587500 0.056109 0.085167
0 0.496012 0.560604 0.020805 0.044819
0 0.543922 0.575174 0.047281 0.073958
0 0.377496 0.551639 0.015758 0.031389
0 0.069301 0.555215 0.052289 0.099931
0 0.024191 0.528486 0.048383 0.144083
5 0.610168 0.530563 0.042664 0.041958
6 0.584297 0.556382 0.030859 0.074236
0 0.511676 0.553153 0.019977 0.038722
0 0.147121 0.558160 0.086070 0.090375
0 0.614098 0.582458 0.055695 0.059389
