0 0.682500 0.414111 0.029406 0.050333
0 0.868781 0.424764 0.068625 0.052306
5 0.751125 0.408306 0.086062 0.065833
0 0.941758 0.422819 0.033766 0.044528
0 0.890563 0.483819 0.051187 0.073583
0 0.707008 0.448972 0.043578 0.065833
0 0.785445 0.461556 0.043578 0.071667
0 0.604609 0.447042 0.069719 0.077472
0 0.282180 0.507750 0.058828 0.116000
0 0.031633 0.542903 0.056641 0.075528
0 0.287625 0.433472 0.047937 0.050333
0 0.951281 0.493514 0.070250 0.100694
0 0.100258 0.545375 0.106766 0.163528
0 0.421070 0.404431 0.027234 0.046472
