0 0.598991 0.357083 0.018521 0.029000
0 0.582107 0.360948 0.015246 0.036729
0 0.677424 0.358042 0.022876 0.042542
0 0.653457 0.359010 0.014167 0.025146
0 0.448662 0.468260 0.066455 0.069604
0 0.498228 0.428615 0.043568 0.083146
0 0.034178 0.421844 0.054460 0.069604
0 0.084284 0.399615 0.050117 0.094729
0 0.187770 0.435385 0.015258 0.077354
0 0.669249 0.418948 0.047934 0.075396
0 0.440516 0.401500 0.028357 0.048417
0 0.461191 0.363844 0.032688 0.050271
0 0.504765 0.370615 0.030493 0.056062
0 0.615874 0.387042 0.032688 0.038667
0 0.947371 0.655812 0.105258 0.228167
5 0.626766 0.356104 0.039214 0.061875
8 0.588644 0.442146 0.050106 0.094750
0 0.356620 0.737990 0.185188 0.326771
9 0.365352 0.530135 0.084930 0.127646
0 0.480258 0.611333 0.120915 0.201083
0 0.226984 0.461479 0.078427 0.110208
0 0.534173 0.371583 0.015246 0.038667
0 0.550511 0.368677 0.017430 0.059937
0 0.363697 0.449885 0.055563 0.067688
