0 0.470086 0.209611 0.027234 0.050333
0 0.276727 0.247278 0.026141 0.064111
0 0.061586 0.315111 0.068641 0.079111
0 0.308320 0.330556 0.050109 0.091222
0 0.242414 0.322806 0.070797 0.129556
0 0.154727 0.289778 0.074078 0.083278
0 0.032156 0.374111 0.064312 0.116000
0 0.388922 0.435028 0.115469 0.180111
0 0.260383 0.670417 0.435734 0.255833
0 0.612789 0.249306 0.049016 0.063889
0 0.119297 0.368417 0.090469 0.089056
0 0.159648 0.474819 0.275547 0.127639
0 0.848047 0.655833 0.303906 0.373889
0 0.600250 0.451583 0.185188 0.228722
0 0.483187 0.381972 0.081750 0.158833
