0 0.538488 0.544299 0.005570 0.013875
0 0.389980 0.553215 0.023961 0.039625
9 0.562797 0.553181 0.018719 0.035667
0 0.129461 0.567576 0.061297 0.084208
0 0.213055 0.556187 0.074672 0.124819
0 0.276859 0.552722 0.025078 0.038639
0 0.974723 0.524056 0.034773 0.034472
0 0.923230 0.535937 0.038789 0.055875
0 0.871738 0.534153 0.041461 0.035667
0 0.838641 0.540104 0.026078 0.038042
0 0.805203 0.535937 0.026078 0.051125
6 0.546406 0.540125 0.014063 0.042750
0 0.677246 0.567083 0.062414 0.085194
0 0.602016 0.574021 0.057953 0.081236
0 0.520379 0.548264 0.012820 0.017833
