0 0.229504 0.551736 0.032570 0.043889
0 0.981602 0.525882 0.036797 0.058097
0 0.923711 0.533951 0.039031 0.038736
0 0.843375 0.545250 0.047203 0.048417
0 0.760313 0.540403 0.019062 0.029056
0 0.738531 0.537986 0.028141 0.043583
0 0.525523 0.545660 0.027844 0.057903
0 0.489277 0.541458 0.016289 0.025222
0 0.443574 0.549396 0.036242 0.048569
0 0.362410 0.539125 0.019961 0.024278
0 0.341656 0.547063 0.019437 0.028958
0 0.313555 0.552201 0.026266 0.035486
0 0.269426 0.551271 0.032570 0.033625
0 0.039332 0.552201 0.056742 0.057903
0 0.135730 0.557333 0.043602 0.066306
0 0.181172 0.548465 0.050438 0.063514
