0 0.510403 0.625885 0.015139 0.009437
0 0.080403 0.626992 0.079824 0.030318
0 0.163644 0.622964 0.059361 0.024563
0 0.293769 0.624122 0.039333 0.017057
0 0.251125 0.624391 0.027009 0.012792
0 0.385421 0.618565 0.009824 0.006443
0 0.396065 0.615112 0.011463 0.007828
0 0.322787 0.623169 0.025389 0.010130
0 0.444778 0.625245 0.022111 0.013354
0 0.562676 0.628698 0.035204 0.015656
0 0.524602 0.626393 0.024556 0.009214
0 0.477190 0.624961 0.016417 0.007589
0 0.493625 0.623201 0.014472 0.006661
0 0.950403 0.699104 0.099194 0.183146
6 0.228542 0.619096 0.036546 0.016578
