0 0.882937 0.370792 0.089312 0.059917
0 0.111148 0.475319 0.142703 0.226583
0 0.520172 0.518875 0.159094 0.174306
0 0.284375 0.577014 0.251563 0.220694
9 0.399828 0.454000 0.083875 0.160722
5 0.463547 0.303917 0.119813 0.092944
0 0.964641 0.382347 0.045750 0.052306
0 0.331195 0.334903 0.057734 0.061972
0 0.478250 0.375583 0.044656 0.081333
0 0.432500 0.364917 0.075156 0.083278
0 0.557227 0.343611 0.067547 0.052278
0 0.578469 0.412375 0.094781 0.100694
0 0.777273 0.420125 0.093672 0.116194
0 0.679227 0.367819 0.080609 0.073583
0 0.665070 0.436583 0.095859 0.137500
0 0.329555 0.409458 0.065359 0.091028
0 0.248406 0.400750 0.090406 0.120056
0 0.266375 0.325222 0.045750 0.069722
0 0.224445 0.309722 0.033766 0.069722
0 0.150906 0.282611 0.069719 0.042611
0 0.075750 0.290361 0.063187 0.058111
