0 0.470446 0.555844 0.206972 0.317104
8 0.140018 0.219719 0.032617 0.085854
8 0.696203 0.252198 0.039214 0.076563
9 0.763521 0.615323 0.186925 0.315562
1 0.674636 0.280042 0.024836 0.058000
1 0.631496 0.261479 0.014378 0.053375
0 0.022735 0.270646 0.037042 0.071542
0 0.054325 0.260010 0.039214 0.073479
0 0.752042 0.261937 0.042488 0.042542
0 0.630041 0.219406 0.022876 0.042521
0 0.601168 0.217469 0.015246 0.027062
0 0.173063 0.254208 0.045751 0.065750
0 0.592453 0.263875 0.034859 0.054125
0 0.752582 0.314146 0.054460 0.077333
0 0.126837 0.591510 0.253674 0.381104
0 0.436138 0.262917 0.042488 0.067667
0 0.558680 0.330583 0.063181 0.090875
0 0.357160 0.290490 0.056643 0.080271
0 0.398697 0.327688 0.078146 0.085083
