0 0.514677 0.503833 0.018509 0.042542
0 0.571320 0.527031 0.044660 0.073479
0 0.607817 0.521229 0.032676 0.061875
0 0.535921 0.490292 0.019613 0.038667
0 0.629601 0.495135 0.019601 0.036729
1 0.409560 0.588906 0.030505 0.058021
1 0.820781 0.894031 0.160129 0.211938
9 0.675892 0.631448 0.086056 0.112146
0 0.544090 0.592781 0.083885 0.112146
0 0.777201 0.612104 0.070810 0.100542
0 0.036491 0.514708 0.042347 0.066833
0 0.367207 0.674146 0.106479 0.173708
0 0.374701 0.531854 0.050106 0.059958
0 0.462934 0.518333 0.047934 0.071542
0 0.647570 0.546365 0.038122 0.069604
0 0.706942 0.556031 0.052289 0.073479
0 0.088750 0.527031 0.038134 0.073479
0 0.130141 0.515427 0.027230 0.046396
