0 0.542999 0.333677 0.022876 0.046396
9 0.767400 0.476771 0.101303 0.162417
0 0.707377 0.364229 0.038134 0.075417
0 0.876725 0.344312 0.027441 0.041750
0 0.898292 0.344313 0.026138 0.051042
0 0.926397 0.368677 0.027441 0.062646
0 0.973457 0.383760 0.040528 0.060313
0 0.758421 0.377958 0.044448 0.067292
0 0.153850 0.375646 0.050986 0.081208
0 0.064566 0.381437 0.070587 0.078875
0 0.493715 0.347792 0.040528 0.071917
0 0.562342 0.372156 0.060129 0.069604
0 0.640123 0.379125 0.043134 0.051042
0 0.526397 0.435260 0.092817 0.143854
0 0.246004 0.402781 0.088885 0.116021
0 0.045880 0.502563 0.091761 0.148500
0 0.161039 0.668458 0.193462 0.327167
0 0.763592 0.332708 0.034859 0.052208
1 0.674261 0.339479 0.026150 0.054125
0 0.657383 0.314344 0.016338 0.030937
0 0.688967 0.312417 0.014155 0.038667
0 0.808245 0.328844 0.028322 0.044479
0 0.641585 0.338510 0.021784 0.036729
0 0.425082 0.772396 0.265634 0.417292
