8 0.062125 0.266903 0.100219 0.144917
8 0.165070 0.257264 0.088234 0.125083
0 0.834461 0.221125 0.034859 0.054417
0 0.789805 0.241486 0.034859 0.075361
0 0.753289 0.251194 0.035922 0.087056
0 0.714094 0.263722 0.040313 0.088889
0 0.660719 0.272542 0.068625 0.098750
0 0.533266 0.285042 0.044656 0.096639
0 0.590453 0.308375 0.069719 0.112306
9 0.619609 0.802139 0.666406 0.352222
0 0.260391 0.265569 0.052281 0.077472
0 0.411258 0.246403 0.049016 0.085194
0 0.308320 0.254042 0.037047 0.096639
0 0.589906 0.225097 0.038125 0.046472
0 0.620953 0.221222 0.021781 0.038722
0 0.933102 0.248153 0.055672 0.077472
