0 0.855625 0.521194 0.052828 0.046361
9 0.559160 0.549687 0.016852 0.029958
6 0.546723 0.525431 0.014445 0.052778
0 0.993844 0.532132 0.011234 0.049931
0 0.955570 0.526569 0.026484 0.044222
0 0.915273 0.528208 0.016047 0.035667
0 0.798582 0.528813 0.028758 0.032097
0 0.065547 0.558056 0.086937 0.105806
0 0.769492 0.538319 0.029422 0.041611
0 0.535676 0.549194 0.008820 0.020639
0 0.528480 0.540521 0.005570 0.019819
0 0.521047 0.545056 0.011141 0.020639
0 0.586805 0.568750 0.043469 0.072528
0 0.658355 0.571132 0.063523 0.112931
0 0.182570 0.565778 0.054828 0.078472
