0 0.424641 0.624093 0.015323 0.024907
0 0.302539 0.631282 0.034495 0.071009
0 0.243076 0.634514 0.071714 0.103287
0 0.505487 0.619157 0.006922 0.012130
0 0.555352 0.619639 0.009120 0.014870
0 0.558643 0.625495 0.008109 0.016657
0 0.533690 0.618736 0.006839 0.013065
0 0.526216 0.622343 0.008609 0.013056
0 0.543971 0.623361 0.015755 0.024315
0 0.640893 0.630375 0.025745 0.027083
0 0.573922 0.632227 0.030448 0.047583
0 0.497979 0.620343 0.006333 0.011259
0 0.493490 0.617532 0.004750 0.010639
0 0.487297 0.619847 0.008271 0.015954
0 0.464698 0.620588 0.014885 0.027231
0 0.454190 0.621755 0.009630 0.020231
0 0.442807 0.621755 0.013135 0.023343
0 0.402391 0.634514 0.025417 0.038731
