0 0.970129 0.577500 0.059742 0.137292
0 0.527964 0.430552 0.031585 0.056062
0 0.461520 0.428615 0.033768 0.063813
0 0.324806 0.444083 0.037031 0.056083
0 0.381455 0.482760 0.067535 0.083146
0 0.493650 0.504031 0.056643 0.083146
0 0.275246 0.484687 0.062089 0.083125
0 0.187007 0.493385 0.064272 0.073479
0 0.206074 0.615198 0.098040 0.170146
0 0.372735 0.659667 0.139437 0.243625
0 0.560047 0.391135 0.014531 0.032229
0 0.738204 0.412177 0.031596 0.046396
0 0.423932 0.404448 0.021784 0.038687
0 0.439730 0.391875 0.025047 0.029000
0 0.588967 0.399604 0.029413 0.052208
0 0.616203 0.392844 0.022876 0.042521
0 0.814460 0.469219 0.027230 0.075396
0 0.717541 0.400000 0.015434 0.027375
0 0.852606 0.489563 0.053333 0.069542
0 0.881455 0.520458 0.056643 0.069625
0 0.958797 0.871458 0.069730 0.241667
0 0.862928 0.667406 0.143791 0.170146
0 0.052477 0.303896 0.021784 0.038667
0 0.012171 0.324208 0.019601 0.029000
0 0.036684 0.334865 0.025059 0.038604
0 0.708797 0.465354 0.055552 0.087000
0 0.492559 0.417979 0.021784 0.046417
0 0.924478 0.554292 0.046843 0.090875
6 0.792500 0.422208 0.055892 0.120583
0 0.545980 0.396771 0.020880 0.043500
0 0.386919 0.403479 0.028275 0.032875
0 0.622189 0.774719 0.213509 0.322896
