0 0.669272 0.326917 0.030070 0.044083
0 0.626133 0.324583 0.027453 0.044083
0 0.575810 0.328073 0.036596 0.051062
0 0.527441 0.357073 0.028756 0.058021
0 0.599994 0.883302 0.315035 0.233396
0 0.844437 0.532250 0.111103 0.171708
0 0.388228 0.304875 0.027441 0.051042
0 0.860123 0.424365 0.056209 0.076563
0 0.890845 0.361719 0.028756 0.053354
0 0.694759 0.427844 0.081045 0.092812
0 0.330710 0.346635 0.061444 0.055687
0 0.361432 0.304875 0.028756 0.051042
0 0.127776 0.815208 0.255552 0.339000
0 0.418950 0.475406 0.159472 0.127604
0 0.723521 0.517167 0.104577 0.118333
9 0.365481 0.602323 0.183005 0.190271
6 0.375939 0.261250 0.026150 0.041750
0 0.937770 0.304094 0.023967 0.048354
0 0.559771 0.287656 0.019613 0.027062
0 0.636027 0.290563 0.019613 0.044458
0 0.688316 0.302156 0.023955 0.044479
0 0.650734 0.296354 0.016350 0.029000
0 0.876766 0.301198 0.019613 0.034813
0 0.893650 0.314729 0.020704 0.038667
0 0.908903 0.325365 0.020692 0.040604
0 0.958468 0.327302 0.028322 0.044479
0 0.979161 0.334062 0.028322 0.042542
0 0.832019 0.301385 0.023521 0.034813
0 0.849665 0.321115 0.024847 0.046396
0 0.866649 0.335031 0.027430 0.041771
0 0.923527 0.335031 0.031373 0.051062
0 0.707183 0.316479 0.016995 0.037125
0 0.726133 0.339677 0.039214 0.069604
