0 0.535926 0.564528 0.060414 0.135417
0 0.572703 0.540708 0.019437 0.039222
0 0.602906 0.557521 0.037828 0.056042
0 0.641254 0.561722 0.061992 0.088722
0 0.413789 0.543042 0.022063 0.027083
0 0.493637 0.541181 0.015758 0.032694
0 0.476305 0.551451 0.022063 0.045764
0 0.300316 0.546778 0.037820 0.027083
0 0.371367 0.544597 0.022875 0.040667
0 0.158949 0.566875 0.057727 0.069722
5 0.577609 0.512326 0.024969 0.037653
0 0.610895 0.523083 0.044633 0.029583
0 0.876605 0.565021 0.089305 0.085875
0 0.703770 0.552382 0.052539 0.060708
