0 0.104912 0.834656 0.196444 0.206896
0 0.458028 0.745719 0.093685 0.133396
0 0.573504 0.749583 0.111115 0.168208
0 0.857271 0.693510 0.042477 0.063812
0 0.842019 0.656781 0.033779 0.044479
0 0.132870 0.701250 0.055552 0.067667
0 0.238533 0.643240 0.038122 0.044479
0 0.217289 0.632604 0.023967 0.038667
0 0.298445 0.629698 0.025059 0.040604
0 0.289184 0.601667 0.028322 0.038667
0 0.334941 0.618104 0.021784 0.032875
0 0.336573 0.587167 0.029413 0.036750
0 0.173063 0.660448 0.042488 0.050271
0 0.101714 0.668177 0.028333 0.050271
0 0.705745 0.647885 0.031585 0.059937
