0 0.952195 0.375861 0.036609 0.041833
0 0.722789 0.395597 0.071891 0.048806
0 0.828008 0.469958 0.081047 0.127806
0 0.955469 0.464153 0.043125 0.092972
0 0.753500 0.517597 0.091500 0.185917
5 0.485766 0.374611 0.138344 0.092944
0 0.569984 0.381375 0.025094 0.049306
0 0.222117 0.811028 0.425734 0.329667
8 0.342586 0.621417 0.352016 0.294389
9 0.907859 0.593250 0.168844 0.174278
0 0.882266 0.416514 0.048375 0.076694
0 0.912984 0.379333 0.044437 0.058111
0 0.082914 0.593125 0.125484 0.169639
0 0.631930 0.576875 0.188234 0.211472
