0 0.802212 0.462646 0.067969 0.120667
0 0.683897 0.394219 0.053568 0.053354
0 0.738192 0.442854 0.049624 0.062792
0 0.650552 0.382562 0.028826 0.058042
0 0.325728 0.337354 0.030094 0.069625
0 0.240775 0.343156 0.037911 0.058021
0 0.283257 0.331552 0.039214 0.053354
0 0.366919 0.367521 0.047054 0.060333
0 0.395681 0.345469 0.036596 0.048729
0 0.432283 0.381437 0.039214 0.064958
0 0.451232 0.328073 0.037911 0.060312
0 0.369531 0.322271 0.020915 0.044083
0 0.597641 0.415083 0.050986 0.095125
0 0.566919 0.377958 0.039214 0.067292
0 0.551890 0.337354 0.030070 0.037125
0 0.640775 0.355917 0.037911 0.060333
0 0.616596 0.344312 0.026150 0.046417
0 0.068228 0.273542 0.019601 0.030167
0 0.085223 0.264260 0.019601 0.039438
0 0.113979 0.249177 0.022230 0.032479
0 0.113979 0.287469 0.019601 0.034813
0 0.136854 0.281667 0.023521 0.027833
0 0.069536 0.300229 0.014378 0.037125
0 0.088492 0.299073 0.015692 0.025521
1 0.907471 0.565896 0.043087 0.169375
0 0.960387 0.607667 0.075822 0.146167
0 0.500910 0.374479 0.050974 0.088167
0 0.806133 0.618104 0.143791 0.194917
0 0.684572 0.492802 0.094120 0.129938
0 0.117248 0.395365 0.070599 0.116021
0 0.253192 0.423198 0.091502 0.129938
0 0.385223 0.480042 0.091502 0.155458
0 0.303521 0.635510 0.129413 0.197229
0 0.097641 0.862885 0.180399 0.262188
0 0.630323 0.854302 0.335951 0.291396
0 0.869536 0.468448 0.071890 0.104396
