8 0.856907 0.090448 0.038087 0.069938
0 0.818163 0.065979 0.018392 0.031875
0 0.337664 0.075552 0.043568 0.083146
0 0.735264 0.097781 0.041397 0.054146
0 0.926878 0.096427 0.043568 0.046396
1 0.757054 0.056219 0.021784 0.036729
1 0.792999 0.054281 0.019613 0.032854
1 0.798985 0.117188 0.033768 0.077292
0 0.704765 0.168333 0.089319 0.090833
0 0.550622 0.124854 0.059906 0.127625
0 0.469442 0.122969 0.074026 0.131562
0 0.447682 0.228302 0.102406 0.164354
0 0.698228 0.329813 0.161221 0.251375
0 0.920446 0.157729 0.058826 0.077333
0 0.881637 0.091625 0.014002 0.039625
9 0.652036 0.738531 0.352899 0.431563
