0 0.367141 0.164000 0.071906 0.086944
0 0.641109 0.116653 0.055563 0.058083
0 0.817578 0.145611 0.059906 0.131889
0 0.599164 0.194028 0.050109 0.155111
0 0.528906 0.201764 0.103500 0.131861
0 0.250039 0.212417 0.094766 0.114444
0 0.114453 0.195944 0.132969 0.185722
0 0.017445 0.237694 0.034891 0.180111
8 0.253312 0.124292 0.107844 0.081139
0 0.689070 0.216375 0.094703 0.145250
0 0.333344 0.387639 0.444500 0.309722
0 0.745141 0.045000 0.021781 0.034833
0 0.861695 0.143569 0.034859 0.100694
0 0.722805 0.098292 0.040297 0.063972
0 0.754945 0.148514 0.080609 0.098972
