2 0.584198 0.537427 0.040519 0.094687
2 0.529953 0.523563 0.023538 0.085458
2 0.494658 0.535115 0.036604 0.080812
2 0.629304 0.535115 0.033986 0.066979
1 0.430607 0.567448 0.070578 0.145479
0 0.154788 0.546656 0.086274 0.122396
0 0.033815 0.702479 0.066804 0.411208
1 0.262636 0.531656 0.019611 0.078521
1 0.761191 0.582458 0.086533 0.147792
1 0.954517 0.595156 0.090967 0.150104
5 0.203154 0.478271 0.128101 0.082625
4 0.082895 0.543198 0.039210 0.106229
4 0.234528 0.532802 0.041840 0.085437
2 0.675047 0.536260 0.049670 0.106229
