0 0.555594 0.321833 0.041406 0.050167
0 0.698297 0.322903 0.043562 0.048417
0 0.923242 0.348069 0.081703 0.060028
0 0.321391 0.399194 0.058812 0.108444
5 0.802328 0.337319 0.092594 0.085028
0 0.107883 0.418556 0.034859 0.108444
0 0.791977 0.387583 0.052297 0.085222
0 0.518016 0.354764 0.031594 0.054028
0 0.923789 0.399292 0.050109 0.081139
0 0.757125 0.382833 0.039219 0.064111
0 0.727164 0.367347 0.031578 0.071861
6 0.049063 0.418694 0.098031 0.170167
0 0.216812 0.414875 0.037031 0.116194
0 0.664531 0.374028 0.063187 0.054222
0 0.257664 0.323764 0.031578 0.057917
0 0.213547 0.324764 0.017437 0.056028
0 0.965188 0.444806 0.045750 0.110556
0 0.622047 0.317083 0.047938 0.067778
