0 0.654512 0.535681 0.007242 0.016833
0 0.076938 0.564917 0.070297 0.106139
0 0.155418 0.570910 0.034664 0.053069
0 0.126047 0.557215 0.024078 0.049653
0 0.197305 0.553792 0.031781 0.056500
0 0.252672 0.564917 0.042375 0.054778
0 0.284449 0.556361 0.025039 0.037667
0 0.315262 0.556361 0.026961 0.037667
0 0.340082 0.552326 0.017648 0.031375
0 0.517984 0.551535 0.029531 0.030708
0 0.567020 0.554007 0.026195 0.037653
0 0.619684 0.550542 0.022289 0.028722
0 0.596832 0.540632 0.018945 0.030708
0 0.674574 0.537167 0.013930 0.021806
0 0.663148 0.538653 0.011141 0.018833
0 0.643086 0.537167 0.013375 0.017833
9 0.548223 0.546354 0.011289 0.027514
0 0.966551 0.621722 0.066898 0.215944
