0 0.448609 0.460417 0.065875 0.059556
0 0.497719 0.466583 0.032344 0.043167
0 0.557805 0.480958 0.067016 0.055472
0 0.609805 0.474806 0.043922 0.080111
0 0.823000 0.481986 0.031188 0.045194
0 0.922953 0.460431 0.041594 0.051361
0 0.959961 0.451181 0.034609 0.065750
0 0.654875 0.462486 0.041594 0.047250
5 0.739219 0.461444 0.099375 0.115056
0 0.779578 0.513833 0.048344 0.067778
0 0.253992 0.752444 0.266078 0.290111
0 0.820164 0.673236 0.166391 0.197194
0 0.542969 0.805667 0.277812 0.264111
0 0.416945 0.617250 0.188578 0.216944
0 0.694969 0.624639 0.109531 0.182444
0 0.868992 0.528500 0.061016 0.093667
0 0.915445 0.501389 0.042984 0.073944
0 0.944562 0.513708 0.037438 0.059139
0 0.965391 0.555569 0.040156 0.083917
0 0.985797 0.588903 0.028406 0.150361
