0 0.264155 0.288021 0.052254 0.100625
8 0.700428 0.330583 0.064237 0.108292
0 0.065194 0.622042 0.125481 0.423500
0 0.952207 0.811521 0.095587 0.356375
0 0.028327 0.258833 0.048627 0.080750
0 0.131461 0.228635 0.028744 0.042979
0 0.089472 0.219240 0.026479 0.045646
0 0.260059 0.224604 0.031761 0.034917
0 0.373609 0.305448 0.059918 0.073479
0 0.465651 0.322854 0.063181 0.116000
0 0.380692 0.250344 0.045751 0.063812
0 0.570781 0.347021 0.081702 0.125667
0 0.807723 0.390531 0.084930 0.150813
0 0.861080 0.360552 0.034859 0.079271
0 0.503785 0.263875 0.028322 0.056083
0 0.446045 0.251302 0.056643 0.050271
0 0.545728 0.272573 0.040305 0.050271
0 0.515223 0.238740 0.027230 0.044479
0 0.595827 0.266781 0.035951 0.054146
0 0.643239 0.290948 0.043521 0.056063
0 0.676438 0.522969 0.149237 0.199146
0 0.753239 0.251312 0.021784 0.046417
0 0.551714 0.232937 0.023967 0.029000
0 0.570775 0.224240 0.014155 0.034812
0 0.678075 0.237771 0.010892 0.038667
0 0.588750 0.221333 0.019613 0.032875
0 0.620340 0.249375 0.019601 0.038667
0 0.639407 0.240677 0.020692 0.032854
0 0.865692 0.469469 0.031526 0.178938
6 0.939437 0.460354 0.121127 0.429292
9 0.207582 0.312990 0.079718 0.129937
