0 0.223352 0.952083 0.220047 0.094889
5 0.862219 0.598056 0.275563 0.621111
0 0.428672 0.867847 0.300469 0.263361
0 0.503078 0.744569 0.250094 0.249194
0 0.563281 0.622000 0.202500 0.267056
0 0.087320 0.768056 0.171828 0.451111
0 0.269648 0.248153 0.059922 0.077472
0 0.540891 0.289000 0.053375 0.065833
0 0.392195 0.334417 0.058828 0.079222
0 0.303961 0.325708 0.056641 0.100528
0 0.482609 0.316111 0.071906 0.112333
0 0.463547 0.439000 0.081688 0.064111
0 0.397648 0.500875 0.119828 0.156861
0 0.299602 0.555278 0.167766 0.207222
0 0.210828 0.676125 0.192812 0.282750
0 0.644922 0.482667 0.143781 0.244000
0 0.673789 0.245347 0.033766 0.052472
5 0.756570 0.230722 0.133984 0.236278
0 0.225531 0.268486 0.074062 0.075528
0 0.124227 0.269444 0.071891 0.081333
