0 0.742999 0.437823 0.028768 0.048729
0 0.465874 0.450583 0.023533 0.046417
0 0.423938 0.428396 0.028228 0.052917
0 0.499237 0.408906 0.018826 0.058479
0 0.485481 0.448729 0.020915 0.051042
0 0.422083 0.471000 0.048369 0.064958
0 0.112289 0.754531 0.221432 0.329479
0 0.466291 0.408906 0.018826 0.036188
5 0.056884 0.443708 0.047054 0.066833
5 0.918058 0.454854 0.072148 0.111375
5 0.795704 0.422833 0.034507 0.075167
5 0.558838 0.410302 0.028239 0.066812
8 0.536884 0.456240 0.028228 0.097437
9 0.595704 0.640000 0.105094 0.192125
9 0.451391 0.472948 0.020387 0.064021
0 0.630581 0.508583 0.081045 0.102083
0 0.344959 0.454062 0.053603 0.067292
0 0.439079 0.586313 0.100646 0.169375
0 0.814243 0.459854 0.035293 0.051042
0 0.765874 0.442458 0.027453 0.053375
0 0.720775 0.425063 0.026150 0.051042
0 0.988750 0.488865 0.018298 0.085854
0 0.620781 0.422740 0.027453 0.046396
