0 0.432283 0.244542 0.031373 0.046417
0 0.373603 0.404292 0.084953 0.114000
0 0.181890 0.360740 0.078427 0.131479
0 0.067506 0.341417 0.074073 0.077333
0 0.113275 0.446792 0.117629 0.152750
0 0.363263 0.811854 0.428099 0.376292
0 0.910100 0.614042 0.171021 0.278417
0 0.738533 0.514469 0.117653 0.183687
0 0.409554 0.294042 0.034859 0.083125
0 0.353457 0.321104 0.033768 0.052208
0 0.334396 0.294042 0.030505 0.052208
0 0.779924 0.378156 0.087148 0.116021
0 0.728187 0.367510 0.022876 0.098604
0 0.708034 0.349156 0.026138 0.073479
0 0.708574 0.309510 0.044660 0.029021
0 0.648122 0.285344 0.023967 0.046396
0 0.668820 0.296948 0.017430 0.054146
0 0.583844 0.334646 0.039214 0.075417
0 0.548991 0.291146 0.030493 0.065750
0 0.493439 0.308542 0.023967 0.058000
0 0.466731 0.307604 0.038157 0.094792
0 0.908468 0.435771 0.108932 0.110208
0 0.599096 0.289792 0.037042 0.038667
0 0.657923 0.353594 0.069718 0.061854
5 0.232541 0.226948 0.038134 0.075396
5 0.278838 0.244344 0.039225 0.063812
5 0.271643 0.179198 0.029413 0.040604
9 0.629008 0.398833 0.077124 0.104417
0 0.506790 0.260781 0.033979 0.060313
0 0.467576 0.241063 0.015692 0.039458
