0 0.080648 0.375958 0.082797 0.058083
0 0.053422 0.318819 0.100219 0.102639
0 0.573562 0.297722 0.038125 0.083278
0 0.680320 0.273417 0.040297 0.069500
0 0.535445 0.256958 0.025047 0.079194
0 0.423242 0.255028 0.033766 0.059833
8 0.913250 0.468042 0.149625 0.303861
0 0.613227 0.255833 0.029953 0.054889
0 0.116055 0.514528 0.179734 0.214778
0 0.589805 0.213875 0.019609 0.030972
0 0.616398 0.215472 0.021797 0.032278
0 0.638180 0.222750 0.029047 0.043556
0 0.563297 0.238083 0.020875 0.038722
0 0.503836 0.236472 0.027234 0.067778
0 0.448914 0.225167 0.022703 0.038722
0 0.404437 0.236472 0.020875 0.061333
0 0.361766 0.253417 0.035406 0.072611
