8 0.435628 0.694366 0.022766 0.045139
0 0.668357 0.712866 0.037943 0.046046
0 0.316974 0.697435 0.030469 0.047630
0 0.051430 0.747236 0.095422 0.206824
0 0.360576 0.714245 0.055682 0.079380
0 0.238448 0.732898 0.152896 0.174685
0 0.398068 0.706199 0.031083 0.070046
0 0.419299 0.704255 0.020141 0.042806
0 0.532284 0.692282 0.010203 0.017509
0 0.459625 0.693847 0.006688 0.013139
0 0.451357 0.696819 0.013724 0.027213
0 0.468948 0.691500 0.010208 0.014704
0 0.480208 0.690250 0.007740 0.013444
0 0.631875 0.707028 0.029187 0.039556
