5 0.696074 0.541917 0.040035 0.077333
0 0.841367 0.646062 0.076256 0.084542
0 0.933685 0.731760 0.132629 0.168229
8 0.326655 0.811646 0.190634 0.315167
0 0.242782 0.486781 0.022887 0.028937
0 0.309777 0.481979 0.023967 0.027083
5 0.744413 0.583500 0.069718 0.114083
5 0.595722 0.491656 0.027242 0.054146
0 0.622412 0.520656 0.026138 0.034812
0 0.654002 0.535156 0.032676 0.056062
0 0.161626 0.501312 0.023955 0.038667
0 0.134941 0.504219 0.038122 0.036729
0 0.494959 0.496479 0.019613 0.048333
0 0.528727 0.527417 0.030505 0.052208
0 0.569038 0.548687 0.032676 0.052208
0 0.617506 0.598958 0.046843 0.106333
0 0.473721 0.675344 0.110023 0.174021
0 0.472629 0.547719 0.049014 0.069604
0 0.377312 0.579625 0.058826 0.071542
9 0.359337 0.522583 0.031585 0.042542
0 0.314131 0.566094 0.058826 0.075396
0 0.228615 0.574792 0.064272 0.096667
