0 0.564305 0.344111 0.043578 0.064111
8 0.162898 0.309347 0.066453 0.133639
8 0.088273 0.296750 0.082797 0.147167
8 0.045250 0.347097 0.083875 0.170417
0 0.899828 0.241472 0.045750 0.048222
0 0.898187 0.325611 0.049031 0.073611
0 0.794156 0.282042 0.039219 0.063917
0 0.828469 0.276417 0.035937 0.063889
0 0.565945 0.287083 0.027234 0.054222
0 0.602437 0.285139 0.032687 0.050333
0 0.247312 0.327736 0.052281 0.092972
0 0.286508 0.321833 0.034797 0.116000
0 0.381305 0.307208 0.047922 0.079417
0 0.780547 0.289014 0.038125 0.050361
0 0.752766 0.299569 0.037031 0.056361
0 0.713547 0.315153 0.039219 0.067806
0 0.669977 0.316125 0.058828 0.104583
0 0.618781 0.354653 0.061000 0.089083
