0 0.725508 0.567840 0.069719 0.112319
0 0.454207 0.562521 0.048461 0.074236
0 0.191234 0.525403 0.039937 0.083917
0 0.317867 0.551215 0.020875 0.045181
0 0.352363 0.553639 0.033586 0.062944
0 0.396844 0.533465 0.017250 0.041958
0 0.531066 0.562028 0.033773 0.069722
0 0.501652 0.547472 0.020695 0.029111
6 0.569738 0.542667 0.021789 0.054222
0 0.596426 0.552340 0.035945 0.058097
5 0.358406 0.513618 0.045750 0.050347
5 0.646535 0.526201 0.075164 0.071653
6 0.240762 0.519431 0.067539 0.065861
0 0.120883 0.548778 0.082609 0.101722
0 0.274750 0.551222 0.054469 0.064556
