0 0.695570 0.312250 0.035953 0.065833
0 0.571937 0.306347 0.032688 0.069528
0 0.529453 0.298681 0.047938 0.073583
0 0.263656 0.305375 0.050094 0.059861
0 0.103523 0.323764 0.043578 0.066028
0 0.928687 0.331417 0.049031 0.085222
0 0.890016 0.299556 0.076250 0.117944
0 0.965180 0.369278 0.052297 0.148944
8 0.458648 0.347042 0.067547 0.150917
0 0.612781 0.265667 0.031594 0.057889
0 0.660172 0.277292 0.023969 0.046694
0 0.146016 0.325708 0.032656 0.069917
0 0.513633 0.465389 0.119828 0.261444
0 0.270734 0.649125 0.208062 0.313528
5 0.708102 0.251153 0.039203 0.071861
