3 0.180189 0.551687 0.029410 0.056000
0 0.410607 0.552667 0.122866 0.066958
1 0.738579 0.583531 0.045743 0.130854
1 0.289858 0.558531 0.025212 0.026729
0 0.077765 0.596365 0.124399 0.127479
1 0.775083 0.805781 0.293042 0.371354
0 0.359021 0.765687 0.492099 0.413042
2 0.802412 0.569677 0.030507 0.065437
5 0.298945 0.516948 0.125248 0.075062
2 0.691846 0.565833 0.042488 0.103917
2 0.840542 0.583146 0.041392 0.084667
2 0.886834 0.586031 0.044658 0.105854
4 0.499912 0.554656 0.030507 0.076979
4 0.523868 0.578021 0.028373 0.059042
1 0.535861 0.561208 0.017429 0.040417
