0 0.629563 0.539181 0.026141 0.041833
0 0.557668 0.569389 0.052289 0.097611
0 0.140020 0.557771 0.090195 0.083653
0 0.360281 0.546153 0.039219 0.069722
0 0.295578 0.560090 0.045750 0.092958
0 0.523680 0.535694 0.015688 0.030222
0 0.840023 0.565903 0.081047 0.118528
0 0.966406 0.597278 0.067187 0.120833
0 0.974660 0.518264 0.039211 0.037194
0 0.890348 0.532208 0.027445 0.055778
0 0.530215 0.541500 0.013070 0.027889
0 0.396230 0.550799 0.024836 0.037181
0 0.771391 0.572875 0.077125 0.085972
0 0.587734 0.540340 0.031375 0.048792
0 0.687078 0.551958 0.041828 0.048806
