0 0.397964 0.400917 0.020434 0.028208
1 0.962741 0.585917 0.055293 0.173208
6 0.353550 0.425906 0.024002 0.050271
9 0.300188 0.678240 0.167746 0.206896
0 0.234572 0.407625 0.024965 0.028208
0 0.770804 0.431052 0.019542 0.050354
0 0.855593 0.463510 0.018908 0.034688
0 0.737394 0.446719 0.020798 0.032438
0 0.755469 0.458729 0.020751 0.046417
0 0.578468 0.902271 0.267031 0.195458
0 0.970317 0.511823 0.040094 0.061771
0 0.808427 0.450729 0.023451 0.049667
0 0.784219 0.449385 0.020434 0.038937
0 0.828856 0.472885 0.027993 0.048354
0 0.678691 0.435292 0.018157 0.048333
0 0.700634 0.449375 0.027230 0.041625
0 0.458574 0.415865 0.028322 0.040604
0 0.493979 0.421656 0.025047 0.040604
0 0.527207 0.460323 0.032676 0.044479
0 0.412823 0.436156 0.026138 0.038687
0 0.929161 0.475792 0.030505 0.075417
0 0.887224 0.525094 0.053369 0.092812
0 0.727083 0.487354 0.042453 0.060042
0 0.572412 0.540573 0.079519 0.069604
0 0.591473 0.628542 0.084965 0.133417
0 0.742893 0.641104 0.108932 0.162417
0 0.361080 0.599542 0.083873 0.152750
0 0.711303 0.536708 0.043568 0.042542
0 0.323504 0.431323 0.017430 0.044479
0 0.487987 0.456458 0.032688 0.056083
0 0.556291 0.455854 0.028310 0.038042
0 0.440023 0.463885 0.032535 0.049687
0 0.378515 0.454531 0.044660 0.059938
0 0.273938 0.474833 0.035951 0.061875
0 0.214026 0.498031 0.062089 0.096687
0 0.019577 0.465156 0.037042 0.088937
0 0.106725 0.869865 0.206972 0.256396
0 0.548879 0.425750 0.022688 0.024167
0 0.431626 0.408969 0.021185 0.028188
0 0.329501 0.375406 0.015129 0.038937
