0 0.039875 0.286139 0.035375 0.058111
0 0.022922 0.240833 0.045750 0.079000
0 0.496773 0.298931 0.039203 0.092972
0 0.651672 0.329139 0.053594 0.097611
0 0.616375 0.289625 0.053594 0.074361
0 0.581742 0.286153 0.026141 0.062750
0 0.968016 0.308222 0.058812 0.083667
0 0.892852 0.278014 0.062734 0.102250
5 0.745789 0.262903 0.105891 0.127806
0 0.390234 0.311708 0.045750 0.085972
0 0.341875 0.279167 0.045750 0.058111
0 0.305922 0.255944 0.039219 0.081333
0 0.449711 0.291958 0.036609 0.065083
0 0.423570 0.257097 0.041828 0.055750
0 0.545797 0.252458 0.061438 0.046472
8 0.684352 0.729778 0.320266 0.515889
8 0.839250 0.573139 0.162094 0.311389
0 0.736641 0.361667 0.084969 0.111556
