0 0.954959 0.489125 0.018157 0.060417
0 0.178087 0.469031 0.031620 0.046396
0 0.747306 0.457573 0.015880 0.040271
0 0.411808 0.274969 0.059014 0.041896
0 0.876285 0.477042 0.024214 0.041625
0 0.801919 0.471542 0.018908 0.030875
0 0.687318 0.466177 0.018157 0.038938
0 0.681262 0.504437 0.024214 0.034917
0 0.780739 0.481615 0.031009 0.042979
0 0.905182 0.495708 0.025716 0.052375
0 0.727095 0.510604 0.035951 0.052208
0 0.256508 0.473854 0.031585 0.052208
0 0.340546 0.283823 0.023603 0.040271
0 0.057324 0.484438 0.054460 0.064458
0 0.582418 0.743760 0.151690 0.270854
0 0.330563 0.511021 0.059906 0.098292
0 0.395939 0.526062 0.055563 0.094750
0 0.425352 0.489281 0.053286 0.071437
0 0.526115 0.498031 0.041385 0.058021
0 0.570775 0.479656 0.043568 0.063813
0 0.647031 0.519302 0.034859 0.065729
0 0.680252 0.560865 0.068627 0.079271
0 0.776661 0.534771 0.054472 0.061875
0 0.984742 0.534760 0.030516 0.069604
