0 0.368685 0.898854 0.221174 0.202292
8 0.565763 0.530125 0.021784 0.054125
8 0.597899 0.609396 0.059906 0.119875
0 0.471538 0.784396 0.151408 0.210750
9 0.293427 0.745750 0.126291 0.168167
5 0.645939 0.512531 0.026150 0.056063
0 0.596379 0.516396 0.020692 0.032875
0 0.541362 0.535740 0.021784 0.036729
0 0.631232 0.552167 0.027230 0.046417
0 0.458028 0.525104 0.027230 0.034792
0 0.474372 0.544438 0.022876 0.034792
0 0.426444 0.562802 0.053380 0.059937
0 0.510317 0.528969 0.031596 0.058021
0 0.703674 0.567635 0.045751 0.077354
0 0.068052 0.570531 0.049014 0.063812
0 0.129601 0.563771 0.032676 0.061875
0 0.499971 0.608240 0.065364 0.085062
0 0.349096 0.629510 0.064272 0.096688
0 0.420452 0.647885 0.078439 0.087021
0 0.066960 0.652667 0.086056 0.104500
0 0.177535 0.647875 0.091502 0.129542
