0 0.720123 0.289323 0.016984 0.044104
0 0.703128 0.353125 0.040528 0.060333
0 0.501174 0.398385 0.049671 0.099771
0 0.290710 0.392573 0.073204 0.120646
0 0.104437 0.353135 0.061432 0.069604
0 0.365880 0.655917 0.200000 0.266833
0 0.418803 0.376333 0.054883 0.078875
0 0.963527 0.582135 0.072946 0.211146
9 0.426291 0.452063 0.069014 0.108583
8 0.639079 0.379812 0.061444 0.113708
5 0.667183 0.285844 0.033991 0.060313
0 0.699859 0.291646 0.020915 0.034792
0 0.550845 0.371688 0.036596 0.097458
0 0.623392 0.298604 0.019601 0.039458
0 0.658685 0.325292 0.032676 0.046417
0 0.525352 0.536438 0.121573 0.199542
0 0.549554 0.310208 0.036573 0.062500
0 0.596590 0.305563 0.023533 0.053375
0 0.513586 0.304406 0.035293 0.055687
0 0.497905 0.341531 0.043134 0.046396
