0 0.634924 0.748594 0.058040 0.080729
0 0.718844 0.819594 0.090974 0.172646
0 0.679613 0.672021 0.018850 0.050125
0 0.976878 0.786188 0.045493 0.144792
0 0.809038 0.754167 0.054906 0.091875
0 0.610604 0.676208 0.021960 0.047333
0 0.634137 0.685948 0.028228 0.050104
0 0.517271 0.677594 0.032946 0.083521
0 0.565117 0.691510 0.050188 0.072396
0 0.533744 0.827948 0.103521 0.178188
0 0.318844 0.648354 0.031373 0.080750
0 0.303938 0.734635 0.101960 0.114062
0 0.016074 0.646969 0.028181 0.072396
0 0.790998 0.685948 0.018826 0.038979
0 0.764959 0.696531 0.029800 0.072396
0 0.651391 0.669240 0.025106 0.050104
5 0.892171 0.658104 0.036080 0.033417
5 0.727465 0.699875 0.045493 0.077958
0 0.705505 0.666458 0.026667 0.044542
0 0.879624 0.690125 0.017254 0.047333
0 0.852958 0.688740 0.023521 0.055687
