0 0.204701 0.491792 0.038087 0.074375
9 0.381808 0.512073 0.030469 0.060854
0 0.601761 0.498552 0.047606 0.087896
0 0.499173 0.605281 0.067453 0.107979
0 0.363615 0.592365 0.066127 0.129104
0 0.249883 0.586500 0.076714 0.112667
0 0.114988 0.591198 0.071408 0.098604
0 0.161279 0.701531 0.124319 0.122062
6 0.762682 0.498552 0.064754 0.094646
0 0.128715 0.876583 0.244988 0.246833
0 0.538914 0.469823 0.020951 0.043938
0 0.562717 0.491792 0.038087 0.060833
0 0.716027 0.513760 0.047617 0.084521
0 0.783633 0.542490 0.034284 0.033812
0 0.808386 0.572917 0.038087 0.060833
0 0.635088 0.486719 0.034284 0.064229
0 0.447506 0.466437 0.024754 0.037167
0 0.427512 0.483333 0.026667 0.050708
0 0.504636 0.501938 0.028568 0.054083
0 0.461790 0.518833 0.041890 0.060833
0 0.538914 0.518833 0.039988 0.060833
0 0.138996 0.400521 0.028556 0.060833
0 0.086626 0.408969 0.022852 0.043938
0 0.398944 0.488417 0.030469 0.054083
0 0.427512 0.562771 0.057136 0.108167
0 0.296103 0.518833 0.045704 0.087875
0 0.664607 0.559396 0.055223 0.101417
0 0.760781 0.637135 0.079988 0.114938
0 0.870282 0.596583 0.059038 0.081125
0 0.911127 0.648708 0.071408 0.124417
0 0.969448 0.681573 0.061103 0.119729
0 0.849630 0.764906 0.138862 0.178396
0 0.615552 0.844719 0.247300 0.272312
