0 0.098906 0.534028 0.197813 0.204167
0 0.622219 0.341278 0.047750 0.079111
9 0.577422 0.434056 0.088906 0.129889
0 0.689156 0.489736 0.124250 0.153361
5 0.701016 0.273431 0.077344 0.081139
0 0.754531 0.768694 0.490937 0.399944
0 0.480039 0.403847 0.105891 0.143861
0 0.572195 0.309736 0.036609 0.057861
6 0.518563 0.272458 0.039219 0.067583
8 0.699930 0.340125 0.068641 0.063917
0 0.724984 0.400167 0.070812 0.067778
0 0.315398 0.372181 0.057734 0.124139
0 0.253305 0.390583 0.064266 0.168667
0 0.141656 0.433097 0.084969 0.102639
0 0.081195 0.381861 0.070797 0.092778
0 0.174875 0.348069 0.059906 0.091028
0 0.028891 0.398319 0.057781 0.095083
