8 0.855612 0.609472 0.185099 0.069722
0 0.137049 0.645681 0.062745 0.074361
0 0.443586 0.638708 0.032682 0.055769
0 0.324703 0.630171 0.012406 0.022046
0 0.352581 0.628370 0.009193 0.017907
0 0.360461 0.628370 0.009193 0.022574
0 0.372065 0.628370 0.007005 0.017907
0 0.427315 0.633676 0.007807 0.015759
0 0.477443 0.661944 0.043135 0.072037
0 0.589859 0.671241 0.071896 0.123167
0 0.540841 0.649167 0.041828 0.055778
0 0.721693 0.674727 0.064271 0.058102
0 0.975612 0.669153 0.047057 0.083657
0 0.848047 0.766755 0.303906 0.245398
