5 0.044351 0.412833 0.079528 0.065417
1 0.258945 0.522531 0.079517 0.150104
1 0.460324 0.568719 0.099422 0.207854
0 0.983732 0.626750 0.032535 0.196750
1 0.910212 0.542229 0.023538 0.066500
1 0.658184 0.547542 0.080613 0.130875
1 0.383679 0.555240 0.080613 0.177062
1 0.130955 0.509052 0.045755 0.130854
1 0.102087 0.496542 0.044670 0.102000
1 0.284009 0.474417 0.029410 0.050042
0 0.041633 0.485969 0.078432 0.088521
2 0.492606 0.489813 0.023962 0.069292
2 0.530737 0.502313 0.032677 0.059667
2 0.580301 0.519646 0.049021 0.082750
