0 0.629125 0.263833 0.040313 0.077444
1 0.016617 0.293819 0.033234 0.096250
5 0.807664 0.260958 0.138641 0.180750
0 0.552156 0.307903 0.050188 0.086861
0 0.454445 0.318472 0.058109 0.093889
0 0.600805 0.221028 0.066453 0.065833
0 0.042523 0.239625 0.065359 0.067806
0 0.946117 0.298694 0.094766 0.069722
0 0.504398 0.281264 0.047922 0.073583
0 0.687500 0.269167 0.088469 0.075111
0 0.327023 0.223389 0.046203 0.054000
0 0.352117 0.248042 0.038297 0.061028
0 0.387766 0.265653 0.030375 0.058694
0 0.422750 0.276222 0.036969 0.084500
0 0.760383 0.395333 0.089328 0.166556
8 0.552875 0.784903 0.401969 0.430194
0 0.702648 0.318056 0.065359 0.108444
