0 0.228633 0.548639 0.082609 0.087139
0 0.563395 0.540229 0.014883 0.023347
0 0.698227 0.536729 0.017516 0.027236
0 0.749008 0.531285 0.022766 0.027236
0 0.662586 0.553951 0.025172 0.045403
0 0.608957 0.541632 0.018602 0.027236
0 0.595094 0.539361 0.007656 0.020111
0 0.585242 0.541958 0.008391 0.018806
0 0.408492 0.544549 0.016781 0.026597
0 0.388430 0.540007 0.016781 0.022708
0 0.520125 0.540333 0.005109 0.011667
0 0.512766 0.536528 0.006359 0.014528
0 0.545445 0.555090 0.037219 0.064542
0 0.327582 0.589792 0.106211 0.195278
0 0.118793 0.543792 0.020883 0.048417
0 0.147391 0.557514 0.038125 0.050028
