0 0.429082 0.542174 0.012695 0.017125
0 0.495844 0.538285 0.007000 0.009347
0 0.077082 0.581979 0.130414 0.092958
0 0.460961 0.538979 0.008828 0.017931
9 0.547324 0.540660 0.010086 0.028014
5 0.479484 0.533375 0.022250 0.034861
0 0.535922 0.539424 0.007656 0.020764
0 0.685129 0.544611 0.042680 0.055778
0 0.565473 0.552396 0.021523 0.036319
0 0.520785 0.543639 0.018242 0.031778
0 0.454305 0.538368 0.007094 0.013069
0 0.148820 0.529687 0.111109 0.096819
0 0.317668 0.544215 0.056648 0.083264
0 0.392285 0.545181 0.038133 0.034861
0 0.445715 0.541785 0.012695 0.025681
