0 0.814852 0.157222 0.047922 0.147000
0 0.648188 0.150444 0.054469 0.064111
0 0.730977 0.110736 0.052297 0.042417
0 0.811047 0.067264 0.029406 0.044528
0 0.258211 0.252986 0.106766 0.152972
0 0.525602 0.225931 0.083797 0.125750
0 0.372008 0.203819 0.066516 0.120139
0 0.125312 0.217167 0.156875 0.205278
0 0.650367 0.369236 0.435734 0.276806
0 0.602984 0.195083 0.062094 0.094889
0 0.278391 0.496111 0.434594 0.313944
8 0.263109 0.153250 0.116562 0.077444
0 0.699914 0.197944 0.088266 0.061889
0 0.859516 0.065139 0.030500 0.060056
0 0.868227 0.166819 0.034859 0.104583
0 0.016344 0.245236 0.030437 0.176194
0 0.734242 0.055542 0.023953 0.040528
1 0.457008 0.285042 0.079516 0.112528
