0 0.015892 0.392198 0.031784 0.066812
0 0.543322 0.358813 0.021784 0.032875
0 0.482324 0.375250 0.019601 0.038667
0 0.507377 0.370406 0.030505 0.040604
0 0.133738 0.376219 0.026138 0.040604
0 0.810205 0.537719 0.084965 0.127521
0 0.508991 0.416792 0.038169 0.056000
0 0.357054 0.386854 0.045751 0.061875
0 0.363046 0.456458 0.059918 0.085083
0 0.434595 0.456563 0.056279 0.107958
0 0.174971 0.384854 0.030857 0.038667
0 0.864613 0.593740 0.037207 0.204938
0 0.537324 0.487396 0.070822 0.127625
0 0.663697 0.470958 0.053380 0.110208
0 0.670804 0.407146 0.060951 0.075417
0 0.608140 0.428417 0.035951 0.052208
0 0.465986 0.402323 0.026150 0.069604
0 0.421320 0.393625 0.041397 0.052208
0 0.709448 0.385885 0.027230 0.052188
0 0.560751 0.404250 0.032676 0.038667
0 0.572741 0.394583 0.026138 0.042542
9 0.207811 0.447760 0.063181 0.102479
6 0.932207 0.664323 0.087160 0.531729
0 0.073826 0.359781 0.019601 0.042521
0 0.860317 0.456458 0.054460 0.061875
0 0.599971 0.376219 0.017430 0.036729
0 0.632107 0.377188 0.014167 0.034792
0 0.078638 0.694302 0.157277 0.370312
0 0.694525 0.672021 0.136467 0.203250
0 0.254531 0.427010 0.062746 0.103021
0 0.109519 0.394198 0.032676 0.048354
