0 0.674336 0.175625 0.041391 0.071472
0 0.754398 0.223111 0.070797 0.131556
0 0.041438 0.271583 0.067531 0.139444
0 0.647094 0.242542 0.039219 0.116194
0 0.702648 0.291806 0.074078 0.145056
0 0.453742 0.361639 0.214609 0.164611
5 0.034336 0.106972 0.068672 0.081333
0 0.171063 0.183278 0.043562 0.106500
0 0.261484 0.199819 0.045750 0.081139
0 0.318125 0.200889 0.063187 0.083278
0 0.120961 0.168833 0.034859 0.073778
0 0.083914 0.199833 0.056641 0.050556
0 0.556680 0.130111 0.043578 0.073778
0 0.137266 0.294667 0.113281 0.131778
0 0.346984 0.534750 0.545750 0.356333
0 0.584461 0.210347 0.051203 0.083194
