0 0.549781 0.601708 0.108156 0.187361
0 0.248891 0.446417 0.055469 0.054222
0 0.844492 0.496986 0.050828 0.106806
0 0.111617 0.583222 0.169172 0.239111
0 0.639383 0.460014 0.061234 0.061639
0 0.331437 0.438431 0.057781 0.047250
0 0.419266 0.442556 0.050844 0.071889
0 0.790180 0.538069 0.127109 0.160250
5 0.089937 0.399417 0.150219 0.071889
0 0.530766 0.452819 0.038125 0.063694
0 0.467789 0.447681 0.036984 0.065750
0 0.515742 0.420986 0.031203 0.032861
0 0.932313 0.499042 0.062406 0.102694
0 0.882625 0.462056 0.048531 0.086278
0 0.373266 0.761583 0.279531 0.251444
0 0.706172 0.653472 0.221719 0.192278
9 0.267031 0.667222 0.190938 0.176111
9 0.982578 0.554500 0.031188 0.172556
9 0.644586 0.513417 0.073953 0.073944
5 0.734711 0.427139 0.078578 0.106833
