0 0.926009 0.701635 0.054906 0.083521
0 0.562770 0.791542 0.163404 0.175625
0 0.370323 0.794771 0.139800 0.165958
0 0.063914 0.764958 0.099354 0.109083
5 0.273392 0.640344 0.110023 0.088937
0 0.535640 0.573052 0.024965 0.036271
0 0.560604 0.552240 0.015880 0.032229
0 0.576872 0.569021 0.019660 0.028208
0 0.367330 0.689875 0.087758 0.065792
0 0.556068 0.581781 0.018920 0.029521
0 0.498950 0.592521 0.018157 0.037583
0 0.899208 0.662885 0.036608 0.058021
0 0.521432 0.607198 0.026150 0.039438
0 0.480904 0.616479 0.020915 0.048708
0 0.448228 0.630396 0.036596 0.058000
0 0.250194 0.709333 0.077124 0.085750
0 0.370452 0.651292 0.027453 0.044083
0 0.148885 0.684927 0.054906 0.088187
0 0.054765 0.698854 0.054906 0.051042
