0 0.100664 0.574403 0.054313 0.067778
0 0.205238 0.577479 0.057773 0.065736
0 0.275148 0.560028 0.031203 0.051361
0 0.528785 0.552833 0.020805 0.036972
0 0.593496 0.560021 0.039289 0.055458
0 0.630473 0.547694 0.027727 0.039028
0 0.839621 0.563104 0.064711 0.073958
0 0.973543 0.599056 0.052914 0.182833
0 0.671504 0.545118 0.030570 0.031625
0 0.713879 0.540285 0.020898 0.022014
0 0.735938 0.541319 0.016250 0.025444
0 0.696855 0.546132 0.027867 0.030958
0 0.025555 0.565160 0.042750 0.078069
6 0.550895 0.546681 0.015242 0.039944
9 0.566641 0.549833 0.013859 0.027111
0 0.763223 0.537194 0.017414 0.024083
0 0.153238 0.568243 0.036977 0.055458
