0 0.447518 0.680273 0.011786 0.019398
0 0.151549 0.730120 0.230911 0.255611
0 0.343406 0.709097 0.072646 0.086065
0 0.303703 0.680181 0.032531 0.047065
0 0.656599 0.698338 0.037823 0.053787
0 0.455964 0.678241 0.006156 0.012204
0 0.615747 0.688921 0.028745 0.048417
0 0.460273 0.677611 0.003870 0.008444
0 0.467224 0.676986 0.010375 0.018454
0 0.480859 0.676051 0.010906 0.018454
0 0.529224 0.677403 0.012260 0.022565
6 0.258461 0.670319 0.054286 0.084824
8 0.430508 0.676542 0.025391 0.044361
0 0.388997 0.689495 0.040453 0.075639
0 0.416393 0.687157 0.021693 0.042963
