0 0.632148 0.635271 0.069272 0.111375
0 0.828228 0.923208 0.241831 0.153583
0 0.479208 0.521583 0.030059 0.046417
0 0.385745 0.556385 0.036608 0.064979
0 0.313192 0.562188 0.050986 0.071917
0 0.045874 0.516937 0.039214 0.051042
0 0.221039 0.536667 0.033979 0.067292
0 0.166138 0.580750 0.049671 0.090500
0 0.206004 0.606271 0.064049 0.085833
0 0.031496 0.614385 0.060129 0.120646
0 0.383779 0.801135 0.179085 0.192646
0 0.115863 0.571510 0.054894 0.083521
9 0.888099 0.547104 0.041831 0.060333
9 0.467177 0.656156 0.081045 0.129938
5 0.974765 0.559865 0.050469 0.099771
5 0.287447 0.489104 0.035293 0.074250
1 0.880235 0.621354 0.044484 0.125292
0 0.374372 0.498385 0.018298 0.041771
0 0.458034 0.497219 0.023533 0.053354
0 0.412277 0.536667 0.041831 0.071917
0 0.717911 0.516333 0.019977 0.048333
0 0.737424 0.530031 0.028134 0.043521
0 0.645739 0.525198 0.040845 0.046729
0 0.679783 0.523594 0.027242 0.046729
0 0.847717 0.553396 0.034495 0.064458
0 0.800516 0.559833 0.049014 0.058000
0 0.260393 0.476854 0.019965 0.049958
0 0.232705 0.473635 0.026326 0.043521
0 0.317130 0.482490 0.017242 0.041896
0 0.347987 0.513927 0.026326 0.046729
0 0.769390 0.630646 0.084930 0.106708
0 0.698815 0.600469 0.053592 0.102104
0 0.762212 0.777969 0.135951 0.113687
0 0.984378 0.684000 0.031244 0.134583
0 0.528228 0.621354 0.075822 0.120667
0 0.431496 0.933427 0.237899 0.132271
