0 0.706836 0.720944 0.504578 0.425278
0 0.706188 0.373639 0.074500 0.078778
0 0.324484 0.384097 0.071906 0.086194
0 0.253242 0.385153 0.062734 0.130139
0 0.642188 0.360833 0.050938 0.095000
0 0.491805 0.280681 0.024828 0.055528
0 0.158469 0.349125 0.045750 0.072028
0 0.074156 0.357264 0.067969 0.060417
0 0.616648 0.292181 0.049672 0.060417
5 0.722523 0.285444 0.088891 0.125500
0 0.438867 0.404889 0.086266 0.053444
0 0.427750 0.461944 0.132031 0.102000
9 0.716609 0.466708 0.100719 0.106917
0 0.313781 0.520042 0.226625 0.148972
0 0.033813 0.431944 0.067625 0.115556
0 0.133281 0.452625 0.106563 0.130306
0 0.332547 0.711764 0.232688 0.258194
0 0.568281 0.371319 0.067969 0.130361
0 0.522367 0.284069 0.027234 0.064083
