0 0.529098 0.531125 0.008023 0.022694
0 0.960387 0.554153 0.033289 0.059167
0 0.911215 0.548771 0.028742 0.037653
0 0.840105 0.540028 0.031773 0.033611
0 0.817035 0.543389 0.020430 0.034972
0 0.722094 0.543396 0.027234 0.024208
0 0.635480 0.539361 0.024961 0.032278
0 0.685027 0.536667 0.013617 0.021528
0 0.699781 0.538014 0.011344 0.029583
0 0.097516 0.568229 0.099125 0.079403
0 0.053941 0.522715 0.029414 0.050347
0 0.991523 0.539646 0.015688 0.046486
0 0.373137 0.537472 0.024211 0.044389
0 0.796988 0.541375 0.021180 0.033611
0 0.194605 0.552937 0.057492 0.053792
0 0.770891 0.544736 0.024969 0.037667
0 0.328879 0.548903 0.037070 0.034972
0 0.482066 0.542181 0.037820 0.043028
0 0.549770 0.554958 0.035555 0.073972
0 0.516488 0.533438 0.011352 0.025542
