0 0.447133 0.542500 0.012703 0.032278
0 0.472734 0.558479 0.036313 0.053264
0 0.788637 0.549604 0.029055 0.058097
0 0.966105 0.577847 0.064445 0.137167
0 0.532645 0.570583 0.043570 0.090361
0 0.497059 0.547347 0.012711 0.029056
0 0.617793 0.537660 0.030867 0.054875
5 0.583297 0.510229 0.019969 0.022597
6 0.582391 0.544924 0.038125 0.062931
0 0.096883 0.567882 0.081047 0.112708
0 0.271578 0.560097 0.051906 0.062944
0 0.377238 0.596083 0.116555 0.138778
0 0.713828 0.608389 0.156875 0.182611
0 0.606195 0.572194 0.045422 0.071000
0 0.863617 0.602861 0.131453 0.177528
6 0.343648 0.511521 0.058094 0.093597
