0 0.408930 0.542847 0.009734 0.020000
0 0.074922 0.567062 0.043141 0.058097
0 0.142242 0.567069 0.054906 0.067389
0 0.273613 0.620514 0.171242 0.257944
0 0.352059 0.542604 0.032836 0.037625
0 0.539391 0.550382 0.034656 0.060958
0 0.682320 0.534625 0.010578 0.024000
0 0.519504 0.540660 0.008023 0.018153
0 0.512941 0.535792 0.005836 0.014917
0 0.640258 0.548444 0.026266 0.037611
0 0.601953 0.543903 0.017516 0.028528
0 0.592469 0.541951 0.008031 0.014264
0 0.587359 0.541306 0.010219 0.020750
0 0.579336 0.541306 0.009484 0.024639
0 0.424891 0.540694 0.016109 0.016750
