0 0.954289 0.379833 0.067547 0.143333
0 0.123133 0.272347 0.041391 0.075528
6 0.096445 0.224042 0.046828 0.137694
8 0.820305 0.407917 0.132891 0.242056
8 0.676508 0.362597 0.089328 0.162694
0 0.569766 0.828153 0.267969 0.307917
0 0.366594 0.610375 0.171031 0.189972
0 0.445000 0.500167 0.131875 0.162556
0 0.636750 0.535819 0.136156 0.219028
0 0.455375 0.401333 0.082781 0.054222
0 0.430328 0.334514 0.061000 0.102639
0 0.514195 0.283000 0.041391 0.065833
0 0.584461 0.283111 0.055547 0.088889
9 0.200477 0.264708 0.061016 0.094694
0 0.436320 0.225972 0.042484 0.055944
