2 0.558296 0.525021 0.040295 0.092375
5 0.047394 0.464406 0.094788 0.067354
4 0.336073 0.540417 0.062099 0.142417
4 0.953721 0.571219 0.072983 0.161646
4 0.896533 0.575062 0.067547 0.130875
1 0.055572 0.524073 0.054469 0.117396
1 0.119847 0.545240 0.069717 0.159729
1 0.169953 0.520219 0.030495 0.105854
1 0.239670 0.550042 0.074080 0.161667
1 0.393809 0.532719 0.033774 0.119312
1 0.436840 0.594312 0.063184 0.227083
0 0.717341 0.612594 0.306097 0.232854
2 0.468974 0.499042 0.033774 0.071208
2 0.517447 0.517333 0.030507 0.073125
