0 0.479875 0.539764 0.027234 0.052444
0 0.316469 0.562035 0.035953 0.085208
0 0.501055 0.535722 0.018156 0.036306
0 0.505320 0.548472 0.021781 0.048417
6 0.572043 0.541208 0.031773 0.085528
0 0.819430 0.618764 0.235953 0.312722
5 0.163074 0.509111 0.134320 0.118167
0 0.618309 0.563292 0.060523 0.096833
0 0.696227 0.553208 0.062031 0.082028
0 0.343707 0.536396 0.015133 0.029597
0 0.283945 0.541778 0.018156 0.034972
0 0.959715 0.621097 0.076258 0.203333
0 0.429215 0.563000 0.063180 0.118139
0 0.360586 0.540729 0.019609 0.046486
0 0.039781 0.583333 0.057734 0.127806
0 0.083898 0.579458 0.045750 0.143306
0 0.147078 0.563965 0.039219 0.073597
0 0.534340 0.550521 0.036305 0.076653
