0 0.693937 0.209417 0.028313 0.038722
0 0.075203 0.246208 0.050094 0.077472
0 0.466797 0.851625 0.327969 0.296750
0 0.231523 0.590056 0.203703 0.211278
0 0.380211 0.459417 0.132891 0.162667
0 0.594805 0.474819 0.135078 0.189972
0 0.328469 0.335486 0.090406 0.108472
0 0.443391 0.390681 0.093688 0.145250
0 0.605703 0.258986 0.045750 0.071639
0 0.567031 0.209611 0.040313 0.050333
0 0.689039 0.252986 0.040297 0.048417
0 0.753305 0.219097 0.033766 0.054250
0 0.835555 0.225000 0.041391 0.058278
0 0.796883 0.220069 0.027234 0.060028
0 0.808867 0.401139 0.096953 0.236278
8 0.720625 0.354653 0.077344 0.174306
5 0.662344 0.173778 0.030500 0.056167
5 0.157336 0.207056 0.108922 0.164667
