0 0.127305 0.637653 0.194516 0.323472
0 0.118844 0.436875 0.095688 0.078083
0 0.031625 0.408986 0.062750 0.150583
0 0.618289 0.371333 0.043922 0.086444
0 0.700641 0.347639 0.048625 0.072500
0 0.437898 0.319736 0.040797 0.078083
0 0.554141 0.326208 0.035656 0.079806
0 0.373898 0.312139 0.029047 0.075111
0 0.523766 0.312125 0.027719 0.051639
0 0.468977 0.283958 0.029047 0.070417
0 0.195641 0.295694 0.036969 0.075111
0 0.099250 0.332083 0.050187 0.072778
0 0.587805 0.318000 0.029047 0.063389
0 0.414828 0.300389 0.021125 0.056333
0 0.655156 0.291014 0.021125 0.042250
0 0.627422 0.285139 0.015844 0.030500
8 0.933930 0.559569 0.132141 0.262139
