0 0.685352 0.740854 0.015681 0.051042
5 0.904308 0.725771 0.032676 0.030167
0 0.748750 0.779135 0.056209 0.071937
0 0.785352 0.762896 0.032676 0.067292
0 0.462477 0.719969 0.030070 0.046396
0 0.906925 0.759406 0.016995 0.032479
0 0.580798 0.757125 0.031596 0.054125
0 0.560100 0.743594 0.025059 0.054146
0 0.175023 0.742625 0.043568 0.056083
0 0.823392 0.837365 0.058826 0.099771
0 0.656614 0.752437 0.028721 0.037125
0 0.556156 0.892469 0.111373 0.174021
0 0.397236 0.730406 0.037664 0.053354
0 0.302347 0.722281 0.041831 0.064979
0 0.967576 0.870552 0.061444 0.109063
0 0.360211 0.801594 0.091502 0.096688
0 0.728950 0.879896 0.099143 0.164375
0 0.659777 0.813208 0.045751 0.061875
0 0.873592 0.755927 0.028756 0.044104
0 0.843527 0.777969 0.031373 0.041771
0 0.806262 0.766375 0.014378 0.037125
0 0.704308 0.746646 0.016995 0.025542
