0 0.880123 0.309281 0.030059 0.039437
8 0.380387 0.657312 0.268756 0.452458
0 0.063263 0.374240 0.126526 0.211146
0 0.321960 0.342927 0.064061 0.106729
0 0.348750 0.294198 0.047054 0.078896
0 0.410839 0.339438 0.064049 0.109042
0 0.484701 0.368448 0.067969 0.143854
0 0.781432 0.397448 0.065352 0.127604
0 0.640258 0.317396 0.041831 0.051042
0 0.525223 0.286073 0.041831 0.076563
0 0.162477 0.257073 0.037911 0.060313
0 0.274243 0.268667 0.031373 0.060333
0 0.598421 0.251271 0.026138 0.048708
0 0.628486 0.262865 0.028756 0.048729
0 0.655945 0.275635 0.031373 0.041771
0 0.703650 0.280271 0.024836 0.060333
0 0.753327 0.308125 0.043134 0.051042
0 0.808885 0.283760 0.033991 0.034813
0 0.839601 0.297677 0.030070 0.053354
0 0.756590 0.255906 0.023533 0.039438
0 0.684701 0.233875 0.015692 0.023208
0 0.460516 0.230385 0.019601 0.039437
8 0.623263 0.411375 0.112418 0.178667
5 0.726532 0.239667 0.018298 0.053375
