0 0.617807 0.670819 0.092594 0.101676
0 0.017964 0.665981 0.035927 0.143630
0 0.389362 0.634546 0.006589 0.008111
0 0.423563 0.633644 0.010135 0.016213
0 0.368703 0.631046 0.007823 0.013889
0 0.356466 0.628611 0.009922 0.015759
0 0.348484 0.626255 0.007562 0.018824
0 0.325034 0.628269 0.015130 0.028241
0 0.163719 0.641727 0.064052 0.092954
0 0.448961 0.644190 0.034495 0.061324
0 0.493896 0.661944 0.057187 0.090370
0 0.554263 0.645810 0.047203 0.061324
0 0.774044 0.684769 0.097255 0.108759
0 0.903492 0.771245 0.193016 0.276009
8 0.919154 0.630407 0.158411 0.161778
