0 0.392770 0.547993 0.016320 0.038736
0 0.417266 0.547181 0.029047 0.046806
0 0.324676 0.552021 0.025414 0.040347
0 0.262039 0.551215 0.067172 0.090375
9 0.372785 0.550410 0.030867 0.046792
6 0.570684 0.545569 0.023602 0.043583
6 0.350547 0.527014 0.026328 0.048417
5 0.630594 0.539111 0.036313 0.066167
0 0.309246 0.531847 0.032680 0.048417
0 0.116797 0.531854 0.083516 0.103292
0 0.534367 0.568972 0.036313 0.071000
0 0.503961 0.551215 0.019062 0.038736
0 0.723184 0.575424 0.079883 0.093597
0 0.594738 0.563326 0.042664 0.056486
0 0.221188 0.541535 0.027234 0.087153
0 0.181703 0.556868 0.039031 0.072625
0 0.059152 0.550417 0.028148 0.098444
0 0.454941 0.568972 0.040852 0.080694
