0 0.816484 0.158194 0.059906 0.160944
0 0.694992 0.236625 0.095922 0.158972
0 0.601898 0.210389 0.072984 0.153000
0 0.271281 0.241556 0.124188 0.153000
0 0.119844 0.224042 0.145937 0.203139
0 0.018555 0.248250 0.034859 0.182222
0 0.752250 0.172764 0.083938 0.100583
1 0.451562 0.175611 0.031594 0.157056
0 0.721141 0.107847 0.067594 0.056361
0 0.747320 0.052736 0.019609 0.046472
0 0.715180 0.042000 0.027234 0.071444
0 0.803414 0.051778 0.025047 0.048389
0 0.645469 0.133931 0.070812 0.050639
0 0.861695 0.158292 0.037047 0.102639
8 0.263125 0.142542 0.118750 0.075639
0 0.524555 0.245333 0.101297 0.195389
0 0.363352 0.196917 0.068578 0.129944
