9 0.733568 0.789792 0.266901 0.340417
0 0.676197 0.232708 0.045751 0.078875
0 0.859859 0.311594 0.049671 0.092812
0 0.865094 0.247792 0.054906 0.044083
0 0.408327 0.201781 0.019660 0.046979
0 0.506268 0.244312 0.048357 0.083542
0 0.423914 0.265188 0.103275 0.074250
0 0.627183 0.478656 0.177770 0.259854
0 0.416725 0.356844 0.094108 0.141521
8 0.445393 0.186542 0.037031 0.042542
0 0.129143 0.245438 0.062746 0.081292
0 0.168357 0.237354 0.028756 0.088167
1 0.751496 0.271615 0.030505 0.073479
1 0.736244 0.240677 0.013075 0.054146
0 0.821755 0.237771 0.014167 0.056083
0 0.759665 0.213604 0.018509 0.027083
0 0.739513 0.210708 0.021796 0.036750
0 0.701385 0.204906 0.023967 0.040604
0 0.291256 0.223448 0.044484 0.078938
0 0.644830 0.303469 0.071890 0.099771
8 0.797248 0.237813 0.034847 0.071458
