0 0.243883 0.339194 0.042266 0.063389
0 0.357422 0.368417 0.037906 0.092944
0 0.663961 0.384667 0.039203 0.069722
0 0.876383 0.441611 0.105891 0.123167
0 0.395336 0.448597 0.079734 0.164972
0 0.075719 0.466014 0.088875 0.144083
0 0.475172 0.491569 0.116531 0.144083
0 0.583539 0.534556 0.132078 0.151056
0 0.616250 0.414653 0.084969 0.125972
0 0.742180 0.472208 0.112422 0.143306
9 0.183125 0.537083 0.184375 0.236389
0 0.233180 0.459792 0.121453 0.093750
0 0.280820 0.639181 0.226953 0.183583
0 0.302773 0.363847 0.044891 0.061028
5 0.522781 0.360278 0.083656 0.174278
0 0.137820 0.330056 0.056203 0.067389
0 0.203172 0.344014 0.030063 0.072028
