0 0.521242 0.625718 0.030401 0.042694
0 0.341034 0.612449 0.020807 0.042583
0 0.417500 0.607403 0.011979 0.026898
0 0.428534 0.608523 0.012609 0.029139
0 0.434836 0.606282 0.010089 0.022417
0 0.452685 0.607343 0.006995 0.015667
0 0.486576 0.606532 0.011536 0.023787
0 0.493422 0.611398 0.014896 0.027019
0 0.502695 0.612477 0.007297 0.023787
0 0.544177 0.618241 0.016417 0.024000
0 0.560227 0.628292 0.021526 0.035028
0 0.601635 0.630875 0.070042 0.088231
0 0.688242 0.641782 0.080609 0.108454
0 0.644307 0.628884 0.022062 0.036417
0 0.821141 0.676954 0.208010 0.199037
0 0.735271 0.611731 0.030260 0.049759
8 0.570182 0.602083 0.021542 0.019611
