0 0.850188 0.406188 0.014155 0.032875
0 0.871972 0.407156 0.016338 0.030938
0 0.910100 0.416823 0.025059 0.034813
0 0.428075 0.391687 0.021784 0.038667
0 0.258140 0.478687 0.056655 0.100542
5 0.715112 0.417792 0.046843 0.075417
0 0.186244 0.469031 0.047934 0.069604
6 0.185698 0.383948 0.031585 0.058021
8 0.094742 0.395552 0.041385 0.061854
0 0.410646 0.389760 0.015258 0.050271
0 0.960757 0.414896 0.017430 0.038667
0 0.935704 0.406188 0.023967 0.032875
0 0.357271 0.469990 0.041397 0.087021
0 0.433509 0.482552 0.048005 0.065729
0 0.791907 0.420687 0.026138 0.027083
0 0.557160 0.446792 0.031596 0.067667
0 0.822412 0.418750 0.015246 0.038667
