0 0.569060 0.629019 0.010641 0.017833
0 0.532732 0.623880 0.009724 0.015130
0 0.552039 0.627662 0.017932 0.030269
0 0.588365 0.633884 0.035271 0.048102
0 0.656914 0.638463 0.027109 0.031981
0 0.510896 0.623991 0.004010 0.011259
0 0.505409 0.624181 0.006964 0.016139
0 0.499919 0.622681 0.004432 0.012380
0 0.494536 0.623620 0.006333 0.012759
0 0.473583 0.623431 0.010948 0.018806
0 0.461727 0.623102 0.008391 0.023352
0 0.453701 0.626671 0.009849 0.018806
0 0.435643 0.625051 0.012401 0.019454
0 0.421333 0.635120 0.031771 0.047093
0 0.331315 0.634458 0.027234 0.053787
0 0.295003 0.635806 0.054464 0.088759
0 0.541487 0.621366 0.008234 0.013880
0 0.563438 0.623343 0.009729 0.014056
