0 0.294332 0.550778 0.039289 0.047250
0 0.227309 0.545639 0.069336 0.086278
0 0.458277 0.551750 0.027414 0.059444
0 0.481684 0.539271 0.020727 0.039236
0 0.530168 0.546993 0.028086 0.033292
0 0.977863 0.548188 0.036773 0.049931
0 0.857832 0.550562 0.037445 0.035653
0 0.786945 0.530354 0.016047 0.033292
0 0.757188 0.539271 0.016719 0.024958
0 0.710379 0.536299 0.020727 0.026153
0 0.840941 0.533854 0.013539 0.025792
0 0.803855 0.528236 0.013867 0.022361
0 0.891934 0.546833 0.016852 0.035667
6 0.937676 0.524007 0.048945 0.098431
0 0.118320 0.599410 0.236641 0.307431
