0 0.611148 0.278361 0.037047 0.056167
8 0.464086 0.344194 0.065359 0.164611
5 0.711367 0.251056 0.041391 0.079389
0 0.535984 0.302375 0.045750 0.065861
0 0.899273 0.316889 0.049016 0.133611
0 0.936859 0.395292 0.043562 0.162750
0 0.209734 0.314083 0.031594 0.077278
0 0.089914 0.317861 0.033766 0.065833
0 0.027273 0.326583 0.041391 0.083278
0 0.065945 0.355819 0.055547 0.075528
0 0.533805 0.447708 0.111109 0.228306
0 0.278930 0.617264 0.176516 0.242083
0 0.661258 0.276319 0.026141 0.044750
0 0.375312 0.280194 0.038125 0.056333
0 0.565398 0.291722 0.039203 0.083278
0 0.703742 0.322806 0.047922 0.075722
