1 0.377683 0.503344 0.047205 0.089813
1 0.257406 0.480083 0.031769 0.062542
2 0.556969 0.523396 0.037217 0.091417
2 0.510672 0.513771 0.042665 0.081792
2 0.473909 0.497729 0.029045 0.078583
2 0.384039 0.473677 0.027229 0.056146
0 0.020991 0.488198 0.041981 0.108062
1 0.057659 0.495323 0.062724 0.115479
1 0.434522 0.570698 0.104186 0.243771
5 0.035884 0.419115 0.071769 0.046771
1 0.604699 0.541833 0.081568 0.128292
0 0.946869 0.619823 0.106262 0.238312
1 0.887471 0.544990 0.040790 0.105313
1 0.209298 0.525792 0.075342 0.147542
1 0.113520 0.500135 0.043573 0.099438
1 0.338202 0.553062 0.089870 0.150750
