0 0.031086 0.236625 0.062078 0.077250
0 0.163695 0.209917 0.050984 0.086000
5 0.747977 0.208653 0.134703 0.185639
0 0.481344 0.134389 0.037906 0.065056
0 0.112062 0.201778 0.039219 0.069722
0 0.133320 0.320306 0.109141 0.148722
8 0.380039 0.387014 0.339859 0.245417
0 0.344750 0.679236 0.501969 0.425028
0 0.725789 0.328375 0.098047 0.136750
0 0.605531 0.167972 0.043125 0.095500
0 0.570891 0.164486 0.031375 0.069472
0 0.540828 0.173667 0.047063 0.069722
0 0.037562 0.310764 0.062750 0.116194
0 0.315328 0.227125 0.053594 0.060417
0 0.251281 0.221528 0.050969 0.081333
0 0.495680 0.290847 0.102391 0.155139
