2 0.491846 0.499052 0.044658 0.055812
0 0.140560 0.515365 0.063219 0.088438
1 0.454811 0.582760 0.055566 0.215521
1 0.398709 0.538500 0.054469 0.100083
1 0.250018 0.544271 0.072983 0.127000
2 0.543048 0.520219 0.038125 0.086604
1 0.197730 0.541385 0.049021 0.117396
1 0.108950 0.556781 0.065354 0.167438
5 0.063744 0.459594 0.118738 0.088521
0 0.688874 0.597198 0.293314 0.229021
1 0.055572 0.531760 0.047936 0.136646
4 0.344788 0.543313 0.062099 0.144333
4 0.896533 0.578917 0.069717 0.142417
4 0.951545 0.573135 0.051203 0.130854
