0 0.603172 0.377083 0.074781 0.114167
0 0.666164 0.340458 0.051203 0.098139
0 0.707555 0.326569 0.044672 0.075528
0 0.595359 0.299667 0.059906 0.040667
0 0.772914 0.307306 0.040297 0.059833
0 0.937945 0.310222 0.043578 0.073778
0 0.910711 0.281069 0.028328 0.061972
0 0.385117 0.324736 0.042484 0.059861
0 0.350797 0.320875 0.030500 0.056361
0 0.410172 0.304403 0.038125 0.057917
8 0.045250 0.347889 0.090406 0.164611
8 0.143836 0.341194 0.095859 0.139611
5 0.787617 0.251194 0.050109 0.048500
0 0.491328 0.399292 0.093687 0.154750
0 0.229883 0.426514 0.128547 0.143306
0 0.381703 0.450611 0.114656 0.160944
