0 0.583367 0.299556 0.057734 0.129556
0 0.725531 0.311083 0.071906 0.137500
0 0.751672 0.431250 0.117656 0.199667
5 0.830648 0.255014 0.140516 0.191528
0 0.400367 0.240403 0.044672 0.065861
0 0.374227 0.224042 0.035953 0.056361
0 0.634031 0.242333 0.054469 0.104556
0 0.527273 0.263736 0.054453 0.119861
1 0.061875 0.231764 0.024844 0.083639
0 0.464844 0.315917 0.064687 0.108444
0 0.728141 0.236139 0.076250 0.091000
0 0.954273 0.246208 0.058859 0.116194
0 0.013094 0.215319 0.026188 0.100528
0 0.438492 0.247278 0.044672 0.071833
