5 0.253099 0.499063 0.033286 0.057750
0 0.637388 0.523240 0.016631 0.025521
0 0.549102 0.771240 0.130716 0.235896
0 0.365546 0.574021 0.059918 0.088958
0 0.304548 0.562417 0.055552 0.081208
0 0.397142 0.545979 0.033768 0.071542
0 0.482653 0.555646 0.037042 0.067667
0 0.528404 0.540177 0.037042 0.063813
0 0.575241 0.579823 0.041397 0.077354
0 0.625892 0.622354 0.051197 0.077333
0 0.671103 0.561448 0.032676 0.056062
0 0.609008 0.562417 0.030505 0.046417
0 0.723392 0.588521 0.041385 0.063792
0 0.723392 0.534375 0.030493 0.048333
0 0.592670 0.513115 0.030505 0.048354
0 0.046919 0.548885 0.056655 0.073479
0 0.125898 0.534375 0.035951 0.052208
0 0.186901 0.550812 0.064272 0.081208
0 0.981520 0.596250 0.036960 0.087000
0 0.939073 0.584656 0.034859 0.067688
0 0.847576 0.546948 0.030505 0.054146
0 0.700516 0.518917 0.019601 0.036750
0 0.830288 0.521219 0.021185 0.051021
0 0.757289 0.527260 0.015892 0.033562
0 0.622635 0.514510 0.008322 0.034896
