8 0.322823 0.849354 0.194988 0.295833
0 0.615434 0.641146 0.091502 0.116042
5 0.588750 0.523167 0.020692 0.042542
5 0.685153 0.571500 0.043568 0.085083
5 0.730904 0.621781 0.067535 0.108271
0 0.828404 0.658510 0.086056 0.073479
0 0.467829 0.722375 0.105657 0.170250
0 0.575135 0.560865 0.030505 0.040604
0 0.646485 0.569573 0.029401 0.034812
0 0.046268 0.554104 0.035939 0.061875
0 0.089296 0.545365 0.039225 0.056146
0 0.491256 0.535729 0.028333 0.048333
0 0.502694 0.550240 0.027242 0.034813
0 0.529924 0.557969 0.025059 0.034812
0 0.370340 0.548302 0.030493 0.038688
0 0.446050 0.570542 0.027242 0.067667
0 0.551714 0.582135 0.031596 0.059937
0 0.617617 0.559906 0.023967 0.038687
0 0.476004 0.597604 0.047923 0.067667
0 0.381232 0.608240 0.054460 0.073479
0 0.316966 0.585042 0.043580 0.073458
0 0.241802 0.607271 0.058815 0.117958
0 0.865986 0.742625 0.139437 0.137292
0 0.274478 0.523167 0.028322 0.038667
