0 0.626547 0.532681 0.016812 0.028944
0 0.871352 0.546757 0.049172 0.047069
0 0.837684 0.540028 0.021180 0.039000
0 0.775656 0.540035 0.045391 0.030931
0 0.751070 0.532632 0.015891 0.032264
0 0.727906 0.529111 0.019609 0.034861
0 0.519379 0.531743 0.007352 0.015875
0 0.641809 0.538285 0.008352 0.028958
0 0.676820 0.536882 0.053062 0.042958
0 0.394789 0.531514 0.037906 0.062750
0 0.968316 0.550215 0.023977 0.077458
0 0.986293 0.551188 0.018523 0.079403
0 0.486293 0.541972 0.032680 0.060417
0 0.545121 0.543125 0.040523 0.081333
0 0.083027 0.555910 0.154242 0.125486
0 0.935094 0.542472 0.027234 0.054222
0 0.912578 0.544063 0.025719 0.068597
