0 0.328387 0.547382 0.026477 0.034736
5 0.574746 0.535056 0.024586 0.042583
0 0.103395 0.561646 0.067539 0.063903
0 0.262437 0.554861 0.034859 0.042611
0 0.211785 0.538410 0.079523 0.098764
0 0.295117 0.550021 0.023969 0.032931
0 0.548387 0.555833 0.035945 0.075528
0 0.527145 0.544215 0.017430 0.036792
0 0.630629 0.548090 0.037039 0.052292
0 0.693809 0.566486 0.071898 0.104583
0 0.760258 0.568424 0.069719 0.100708
0 0.928570 0.590694 0.123078 0.176222
0 0.511836 0.546597 0.012609 0.031389
6 0.493113 0.535049 0.018914 0.040347
