5 0.743750 0.219986 0.120000 0.208361
0 0.426133 0.322111 0.071641 0.120611
8 0.563398 0.388972 0.213672 0.258167
0 0.040352 0.300389 0.059766 0.118667
0 0.255203 0.263139 0.066656 0.141778
0 0.170891 0.225014 0.073187 0.088306
0 0.105531 0.191097 0.049687 0.076694
0 0.587883 0.162278 0.036609 0.079000
0 0.552586 0.168097 0.026141 0.090639
9 0.201719 0.458583 0.368438 0.220778
0 0.712719 0.308569 0.084969 0.121083
0 0.129680 0.300486 0.098109 0.095417
0 0.318602 0.270111 0.070578 0.104556
0 0.521219 0.167972 0.031375 0.067611
