8 0.782653 0.349146 0.040305 0.046417
0 0.140317 0.710760 0.227817 0.410354
0 0.026643 0.524750 0.053286 0.122583
0 0.451978 0.776302 0.257430 0.447396
0 0.239120 0.443385 0.105493 0.102521
0 0.049495 0.391021 0.072840 0.082458
0 0.523556 0.461219 0.089155 0.151562
0 0.511631 0.367604 0.037676 0.071333
0 0.577312 0.392656 0.045751 0.059938
0 0.547359 0.349146 0.038122 0.038667
0 0.657383 0.398458 0.040305 0.071542
0 0.787007 0.403292 0.051197 0.061875
0 0.984178 0.408115 0.027230 0.079271
0 0.941696 0.393625 0.035951 0.058000
0 0.917183 0.368479 0.030493 0.038667
0 0.862711 0.346240 0.021784 0.040604
0 0.816960 0.335604 0.021784 0.042542
0 0.656837 0.357854 0.015246 0.048333
1 0.691144 0.356885 0.025059 0.054146
0 0.721649 0.370417 0.049026 0.081208
9 0.775569 0.502865 0.093674 0.164354
5 0.148621 0.347094 0.082359 0.102104
