0 0.467835 0.467990 0.032688 0.062646
0 0.450188 0.603719 0.099343 0.190271
0 0.624695 0.426219 0.016995 0.044104
9 0.624437 0.705813 0.143005 0.259875
0 0.770452 0.448260 0.023533 0.051062
0 0.794630 0.451740 0.035293 0.067271
9 0.443656 0.488865 0.039214 0.062646
0 0.410974 0.470313 0.036596 0.044083
0 0.467835 0.436656 0.027453 0.041771
8 0.544965 0.457542 0.045751 0.069625
0 0.511626 0.420417 0.013063 0.051042
0 0.749531 0.426219 0.028756 0.058021
5 0.567835 0.406500 0.026138 0.046417
5 0.809665 0.416938 0.031373 0.039458
5 0.918163 0.449427 0.054894 0.095104
0 0.493327 0.420417 0.015692 0.041750
0 0.384173 0.534115 0.056209 0.102104
0 0.727969 0.571240 0.100657 0.167063
0 0.336461 0.469604 0.052289 0.083542
0 0.409665 0.433177 0.028768 0.048729
0 0.095939 0.474948 0.033991 0.071938
0 0.047570 0.476104 0.041831 0.088167
0 0.143650 0.463344 0.032676 0.062646
0 0.489407 0.461031 0.026138 0.062646
