0 0.735875 0.081694 0.022875 0.034667
0 0.131180 0.257222 0.143922 0.192222
0 0.279219 0.276333 0.124063 0.172389
0 0.383281 0.217181 0.087500 0.114917
0 0.713906 0.257750 0.109063 0.148722
0 0.024289 0.264500 0.048578 0.216333
0 0.438367 0.372681 0.258578 0.229861
0 0.558156 0.262819 0.095062 0.138583
0 0.624219 0.244375 0.069719 0.119861
0 0.659086 0.176681 0.065359 0.058083
0 0.831195 0.190236 0.052297 0.170417
0 0.745133 0.152292 0.050109 0.075528
0 0.878602 0.195042 0.027203 0.110083
1 0.660164 0.121292 0.034859 0.060028
0 0.821391 0.086639 0.037031 0.040667
0 0.763656 0.076861 0.023969 0.037000
8 0.272914 0.175625 0.112203 0.091194
