0 0.479607 0.709531 0.223533 0.352188
0 0.313216 0.571333 0.149437 0.263042
0 0.588862 0.446510 0.062793 0.102521
0 0.398609 0.417531 0.054002 0.106979
0 0.462025 0.453198 0.075340 0.102521
0 0.474577 0.381875 0.040188 0.053500
0 0.042594 0.397469 0.050235 0.075771
0 0.097218 0.390781 0.051479 0.089146
0 0.142424 0.377417 0.043955 0.084708
0 0.615863 0.391906 0.038932 0.042354
0 0.776602 0.444281 0.056514 0.066854
0 0.742694 0.410844 0.046467 0.071312
0 0.662946 0.361813 0.017582 0.026750
0 0.623398 0.354010 0.031397 0.033437
1 0.711925 0.416417 0.017582 0.069083
1 0.646626 0.386333 0.015059 0.057958
8 0.701250 0.384104 0.028885 0.053500
9 0.778480 0.671635 0.130599 0.271937
0 0.765299 0.381875 0.033908 0.062417
