0 0.663637 0.539278 0.029961 0.045194
0 0.876055 0.606250 0.104391 0.143639
0 0.813871 0.543312 0.058102 0.056486
0 0.603270 0.572354 0.038133 0.072625
0 0.334117 0.545736 0.029953 0.051639
0 0.554250 0.542500 0.014531 0.019361
0 0.458934 0.542500 0.021789 0.035500
0 0.438961 0.541701 0.010891 0.040347
0 0.479816 0.553806 0.023602 0.048417
0 0.526109 0.561063 0.039938 0.091986
0 0.624605 0.524750 0.031773 0.054861
5 0.377234 0.518299 0.047203 0.029042
5 0.582395 0.510229 0.023602 0.022597
0 0.724418 0.602701 0.159039 0.170403
6 0.256430 0.530396 0.127234 0.156542
6 0.574219 0.540083 0.029047 0.069389
0 0.386602 0.575271 0.093828 0.105542
0 0.105738 0.560896 0.096805 0.106514
