0 0.399073 0.593969 0.049671 0.099771
0 0.129143 0.607896 0.087582 0.113708
0 0.695153 0.529000 0.024836 0.030167
0 0.644178 0.539448 0.024836 0.023187
0 0.357248 0.577740 0.049683 0.085854
0 0.480775 0.600938 0.053592 0.095125
0 0.461819 0.546406 0.036596 0.055687
0 0.523263 0.541771 0.020915 0.060333
0 0.566397 0.580052 0.033991 0.058021
0 0.586004 0.555688 0.026138 0.051042
0 0.637641 0.576573 0.040516 0.055688
0 0.918685 0.589333 0.040516 0.076583
0 0.725874 0.531323 0.015692 0.034812
0 0.816725 0.552208 0.024836 0.062667
0 0.695810 0.587010 0.044437 0.071937
0 0.861168 0.551052 0.027453 0.055688
0 0.608228 0.621813 0.052277 0.071917
0 0.560516 0.698385 0.100657 0.136896
0 0.207576 0.527854 0.050974 0.037125
0 0.176854 0.294667 0.041831 0.044083
0 0.035023 0.554521 0.050986 0.081208
0 0.057711 0.932146 0.115423 0.135708
0 0.268286 0.536958 0.032676 0.053167
