0 0.031023 0.326000 0.052297 0.081556
0 0.525789 0.285444 0.082359 0.111556
0 0.317297 0.303806 0.060125 0.092944
0 0.251281 0.308681 0.069281 0.139417
0 0.658477 0.223639 0.033984 0.053444
0 0.136906 0.338903 0.078437 0.088306
0 0.120742 0.458458 0.241484 0.188472
0 0.074156 0.278361 0.060125 0.060667
0 0.155859 0.267792 0.071906 0.099917
8 0.672852 0.375847 0.133328 0.209139
8 0.463703 0.323681 0.075812 0.095528
0 0.563703 0.208653 0.058812 0.065306
0 0.773891 0.687486 0.436531 0.325361
9 0.509703 0.461667 0.237844 0.190000
5 0.730367 0.236528 0.099359 0.185667
5 0.627750 0.198069 0.040531 0.104583
