0 0.262508 0.310819 0.115953 0.141972
0 0.738789 0.108000 0.038016 0.060833
1 0.696961 0.172222 0.022828 0.074389
0 0.874742 0.226306 0.032328 0.128444
0 0.828156 0.238139 0.057031 0.152111
0 0.655125 0.206000 0.064656 0.074389
0 0.699828 0.302361 0.089344 0.152111
0 0.538188 0.309125 0.100781 0.165639
0 0.022391 0.314194 0.044781 0.182556
0 0.123680 0.280389 0.127391 0.209556
8 0.272937 0.200958 0.110281 0.098028
0 0.610445 0.270000 0.070359 0.131833
0 0.377953 0.236444 0.099719 0.135222
0 0.756852 0.209403 0.066547 0.114917
