0 0.781995 0.490490 0.023967 0.042521
6 0.306027 0.450812 0.047101 0.069625
6 0.120381 0.455458 0.047054 0.088167
0 0.177248 0.463583 0.037899 0.081208
5 0.823662 0.461292 0.031362 0.039500
0 0.712388 0.501896 0.032688 0.085083
0 0.670452 0.500927 0.042477 0.063812
0 0.763474 0.496292 0.021784 0.034792
0 0.801608 0.486625 0.013075 0.042542
0 0.584284 0.487594 0.020704 0.036729
0 0.614783 0.481792 0.025059 0.056083
0 0.595182 0.491458 0.022876 0.032875
0 0.539079 0.479854 0.026138 0.059958
0 0.514026 0.494354 0.032676 0.058000
0 0.761297 0.556229 0.054472 0.077333
0 0.888750 0.596833 0.065364 0.123750
0 0.598445 0.540760 0.035951 0.073479
0 0.664894 0.599729 0.075164 0.148875
0 0.341913 0.530125 0.058826 0.090875
0 0.492236 0.628740 0.115458 0.195271
