0 0.036133 0.381437 0.033768 0.065750
5 0.807383 0.445240 0.110023 0.131479
5 0.684853 0.402708 0.047876 0.100542
0 0.080252 0.469417 0.076256 0.137292
0 0.278509 0.448146 0.061009 0.094750
0 0.224043 0.432667 0.030505 0.071542
0 0.423392 0.532250 0.102394 0.158542
0 0.581344 0.479083 0.065364 0.133417
0 0.383081 0.433646 0.052289 0.081208
0 0.259994 0.389167 0.030505 0.058000
0 0.434284 0.421073 0.047934 0.048354
0 0.407600 0.379500 0.046843 0.046417
0 0.474589 0.395937 0.039225 0.063792
0 0.519795 0.396896 0.042477 0.081208
0 0.635810 0.420115 0.039225 0.050271
0 0.587336 0.383375 0.027230 0.038667
0 0.933738 0.497448 0.057735 0.088937
0 0.118380 0.372729 0.028333 0.052208
0 0.438099 0.360167 0.029413 0.046417
5 0.544308 0.344698 0.021784 0.069604
8 0.250951 0.714010 0.230939 0.375104
