0 0.083204 0.331979 0.051244 0.045458
0 0.019912 0.331979 0.033157 0.104333
0 0.125399 0.409552 0.093427 0.098979
0 0.511925 0.360073 0.061784 0.090938
0 0.416420 0.725771 0.259531 0.373375
9 0.742371 0.461802 0.111362 0.150354
5 0.236608 0.294042 0.052746 0.066875
0 0.616485 0.309646 0.033908 0.031208
1 0.725745 0.343083 0.023862 0.066875
1 0.645998 0.312990 0.020094 0.051271
0 0.686884 0.344823 0.048228 0.074896
0 0.757887 0.371615 0.057770 0.073563
0 0.858351 0.305854 0.027617 0.035667
0 0.882829 0.327031 0.023873 0.042354
0 0.894137 0.352667 0.033908 0.057958
0 0.951279 0.357125 0.030141 0.062417
0 0.458369 0.429573 0.094202 0.135979
0 0.452735 0.327031 0.042700 0.064646
0 0.604055 0.354896 0.041444 0.084708
0 0.191526 0.310312 0.032653 0.057958
0 0.084642 0.694073 0.169284 0.382646
