0 0.610317 0.448719 0.014155 0.036729
0 0.510317 0.515313 0.041831 0.095125
0 0.351496 0.600010 0.116350 0.171687
0 0.447576 0.770542 0.164707 0.225083
0 0.588756 0.517635 0.041831 0.085854
0 0.697136 0.549271 0.058826 0.106333
0 0.073950 0.657552 0.147899 0.218479
0 0.456180 0.461292 0.030505 0.058000
0 0.421320 0.464188 0.032688 0.052208
0 0.513369 0.455490 0.031596 0.046396
0 0.543873 0.434219 0.018521 0.046396
0 0.128292 0.474823 0.028322 0.054146
0 0.647905 0.446792 0.028322 0.044458
0 0.695827 0.479667 0.065364 0.071542
0 0.620669 0.505760 0.019601 0.065729
0 0.589619 0.465167 0.025059 0.038667
0 0.562928 0.434229 0.017430 0.042542
0 0.711626 0.443885 0.014167 0.027063
0 0.086133 0.476479 0.038462 0.047000
6 0.052717 0.433406 0.046021 0.059312
9 0.240874 0.520042 0.076256 0.090250
9 0.394290 0.487823 0.038134 0.070896
