0 0.831105 0.548903 0.025727 0.043028
0 0.856445 0.544868 0.029500 0.056486
0 0.888219 0.552264 0.050687 0.041694
0 0.439277 0.531465 0.011977 0.023542
0 0.567879 0.535146 0.014586 0.022042
0 0.518812 0.532229 0.006203 0.013625
0 0.318539 0.544403 0.044656 0.054222
0 0.152961 0.542472 0.105672 0.104583
0 0.546754 0.554090 0.037039 0.081347
0 0.759617 0.548903 0.068844 0.051111
0 0.721414 0.537472 0.019672 0.052444
0 0.699480 0.541514 0.019664 0.039000
0 0.679207 0.542451 0.015883 0.034958
0 0.491195 0.538597 0.023969 0.050361
0 0.810301 0.546215 0.026477 0.045736
