0 0.160203 0.566208 0.317281 0.297861
0 0.718680 0.525250 0.138609 0.158389
0 0.579414 0.463472 0.084359 0.088611
0 0.713453 0.439875 0.107469 0.098583
0 0.824961 0.463500 0.071641 0.117111
0 0.891406 0.496375 0.093594 0.121194
0 0.702477 0.347431 0.034672 0.036972
0 0.658570 0.343319 0.032359 0.028750
0 0.641813 0.391597 0.031188 0.059583
0 0.848078 0.384417 0.050844 0.065722
5 0.231023 0.335111 0.154828 0.094500
5 0.514703 0.386458 0.206844 0.230083
9 0.602523 0.605236 0.213766 0.232139
0 0.374883 0.529250 0.121328 0.182833
