0 0.101301 0.547285 0.022148 0.030819
0 0.216852 0.566118 0.108812 0.143792
0 0.317477 0.553278 0.084734 0.083889
0 0.363699 0.543007 0.032742 0.063347
0 0.475402 0.552424 0.032742 0.058208
0 0.527879 0.548993 0.035633 0.061625
0 0.552301 0.541347 0.013461 0.023111
0 0.823266 0.536396 0.033437 0.028069
0 0.785652 0.534326 0.028789 0.025597
0 0.760809 0.531847 0.014398 0.020639
0 0.742930 0.534743 0.016719 0.024764
0 0.662125 0.534743 0.016719 0.018153
0 0.694637 0.537632 0.015789 0.022292
0 0.717617 0.533090 0.019969 0.019819
0 0.126336 0.556701 0.027922 0.049653
0 0.060855 0.562694 0.058742 0.082167
