0 0.487441 0.646917 0.112207 0.189500
5 0.735810 0.538635 0.059906 0.096687
0 0.595833 0.487396 0.032676 0.048333
8 0.350188 0.774531 0.168850 0.340312
0 0.608363 0.498031 0.022876 0.046396
0 0.558791 0.478698 0.021784 0.046396
0 0.538638 0.498031 0.029413 0.058021
0 0.065329 0.460323 0.047934 0.056062
0 0.163369 0.456458 0.030493 0.048333
0 0.636678 0.542500 0.049014 0.100542
0 0.459120 0.489333 0.031596 0.052208
0 0.496702 0.498031 0.043568 0.073479
0 0.419906 0.510594 0.040305 0.063812
0 0.376878 0.499969 0.043568 0.073479
0 0.815874 0.566667 0.056655 0.087000
0 0.786461 0.643042 0.082782 0.146958
0 0.312623 0.505760 0.067500 0.088938
0 0.133961 0.534771 0.074073 0.116000
0 0.265763 0.433260 0.023967 0.040604
0 0.060252 0.699125 0.119096 0.220417
5 0.697142 0.500927 0.039214 0.075396
