0 0.336586 0.546687 0.020797 0.035014
0 0.913648 0.552431 0.056734 0.061639
0 0.702465 0.540097 0.018914 0.030250
0 0.724848 0.542896 0.019539 0.026903
0 0.770234 0.543458 0.052328 0.041472
0 0.969754 0.536174 0.035305 0.040347
0 0.376715 0.541500 0.009852 0.020750
0 0.290441 0.552854 0.023352 0.046042
0 0.319988 0.550576 0.015320 0.031125
9 0.113203 0.552736 0.107844 0.089083
0 0.515957 0.542854 0.016648 0.033625
0 0.536762 0.548903 0.032523 0.045722
0 0.492883 0.540833 0.031016 0.045722
0 0.432746 0.556972 0.059008 0.088750
