0 0.471074 0.636128 0.017741 0.008828
0 0.451625 0.634401 0.015694 0.009208
0 0.423310 0.631714 0.023194 0.010750
0 0.302208 0.620776 0.015694 0.008063
0 0.373065 0.633057 0.022741 0.011833
0 0.256792 0.620263 0.011935 0.006078
0 0.269588 0.629859 0.018194 0.008635
0 0.341792 0.634656 0.021602 0.013750
0 0.313907 0.634612 0.036519 0.014589
0 0.204843 0.630966 0.040093 0.025859
8 0.324801 0.619839 0.019657 0.011052
0 0.530579 0.636388 0.013917 0.011974
0 0.489833 0.635167 0.019778 0.012281
0 0.769565 0.650901 0.100296 0.046052
0 0.605819 0.641690 0.040250 0.018422
0 0.519509 0.640734 0.025926 0.017271
