9 0.810977 0.932014 0.189547 0.135972
5 0.833977 0.546875 0.099203 0.117361
0 0.861148 0.681361 0.110016 0.147167
0 0.610062 0.621319 0.078438 0.089083
0 0.526727 0.630042 0.081703 0.129750
0 0.031062 0.509000 0.062125 0.108444
0 0.258758 0.673611 0.110016 0.123944
0 0.409625 0.635847 0.074063 0.091028
0 0.346992 0.543861 0.057734 0.050333
0 0.250039 0.569042 0.055547 0.061972
0 0.246227 0.518681 0.037047 0.061972
0 0.445570 0.579681 0.047922 0.060028
0 0.629672 0.544833 0.078437 0.063889
0 0.503859 0.518694 0.038125 0.054222
0 0.575203 0.521583 0.037031 0.079389
0 0.424328 0.496403 0.053375 0.048417
0 0.924875 0.592278 0.023969 0.081333
0 0.379672 0.599042 0.068625 0.075528
9 0.745141 0.619375 0.069719 0.089083
