0 0.600884 0.642451 0.027306 0.010547
0 0.452968 0.626469 0.017528 0.006927
0 0.542037 0.638352 0.019426 0.009859
0 0.519435 0.638826 0.024481 0.008214
0 0.564023 0.644115 0.026009 0.012031
0 0.663236 0.646708 0.033565 0.012031
0 0.863551 0.662729 0.158009 0.065854
0 0.375667 0.629107 0.021722 0.008516
0 0.378880 0.638393 0.021222 0.012734
0 0.017079 0.640836 0.033954 0.035016
0 0.070829 0.640435 0.099065 0.029443
0 0.514736 0.631518 0.017769 0.008880
0 0.427620 0.622201 0.011852 0.005922
8 0.449171 0.621831 0.010861 0.007401
