0 0.459730 0.407187 0.065352 0.088167
0 0.103521 0.306260 0.030070 0.058021
0 0.069536 0.302781 0.027453 0.064979
0 0.018756 0.312062 0.037512 0.064958
0 0.195023 0.383990 0.074507 0.116021
0 0.058427 0.442000 0.083662 0.116000
0 0.244043 0.718115 0.230059 0.343396
0 0.113568 0.540604 0.145915 0.178667
0 0.347823 0.379354 0.072171 0.102083
8 0.691585 0.412865 0.065352 0.128854
9 0.405874 0.325521 0.031373 0.053375
5 0.573850 0.325521 0.050986 0.122958
1 0.526133 0.324354 0.010458 0.051042
0 0.528099 0.303479 0.016995 0.023208
0 0.233615 0.335542 0.046291 0.074125
0 0.667529 0.314604 0.031772 0.038667
0 0.612154 0.338760 0.020880 0.061229
0 0.399736 0.294469 0.031772 0.037063
0 0.645739 0.387104 0.024507 0.067667
0 0.485974 0.302510 0.024507 0.027396
0 0.500493 0.353271 0.044484 0.058000
0 0.448304 0.325073 0.034495 0.046729
0 0.331655 0.307354 0.029953 0.033833
0 0.301244 0.326677 0.036315 0.056396
