0 0.678421 0.396292 0.027453 0.037125
0 0.092148 0.538990 0.112418 0.113687
0 0.015681 0.511021 0.030070 0.164958
0 0.067969 0.440365 0.066667 0.069604
0 0.322870 0.668917 0.166021 0.252917
0 0.486919 0.471698 0.057523 0.113687
0 0.381039 0.440375 0.049683 0.111375
0 0.222212 0.455458 0.064049 0.071917
0 0.288228 0.440375 0.057512 0.083542
0 0.662735 0.465896 0.030070 0.069625
0 0.636596 0.421812 0.030070 0.060333
0 0.316989 0.402094 0.039214 0.076563
0 0.167312 0.395125 0.024836 0.053375
0 0.422218 0.396292 0.024836 0.046417
0 0.349665 0.390490 0.033979 0.053354
0 0.378427 0.377719 0.028756 0.041771
0 0.512406 0.424125 0.045751 0.064958
0 0.469278 0.402083 0.027453 0.053375
0 0.499343 0.381208 0.024836 0.039458
1 0.542453 0.399771 0.019648 0.053375
5 0.584308 0.405573 0.058826 0.106729
8 0.694765 0.480979 0.054906 0.122958
0 0.243157 0.554063 0.103216 0.134583
