0 0.827046 0.552776 0.345907 0.190448
0 0.043796 0.467307 0.087593 0.105000
0 0.139301 0.445185 0.086620 0.041568
0 0.286199 0.474633 0.184491 0.068370
0 0.532708 0.445227 0.023565 0.017661
0 0.479505 0.442776 0.030528 0.018646
0 0.572838 0.446945 0.054954 0.025026
0 0.341685 0.436396 0.035759 0.015698
0 0.063282 0.437518 0.047250 0.025557
0 0.391843 0.438357 0.061056 0.022568
0 0.627255 0.447086 0.067824 0.030380
0 0.678125 0.440724 0.038935 0.020490
0 0.777986 0.455211 0.075361 0.035328
0 0.850208 0.444258 0.099231 0.030380
